0.0	239.0
0.0416666666667	356.0
0.0833333333333	290.0
0.125	198.0
0.166666666667	100.0
0.208333333333	51.0
0.25	36.0
0.291666666667	20.0
0.333333333333	25.0
0.375	70.0
0.416666666667	101.0
0.458333333333	183.0
0.5	212.0
0.541666666667	278.0
0.583333333333	314.0
0.625	351.0
0.666666666667	334.0
0.708333333333	355.0
0.75	356.0
0.791666666667	360.0
0.833333333333	360.0
0.875	360.0
0.916666666667	360.0
0.958333333333	360.0
1.0	357.0
1.04166666667	357.0
1.08333333333	321.0
1.125	241.0
1.16666666667	168.0
1.20833333333	86.0
1.25	45.0
1.29166666667	31.0
1.33333333333	15.0
1.375	62.0
1.41666666667	102.0
1.45833333333	156.0
1.5	213.0
1.54166666667	259.0
1.58333333333	308.0
1.625	332.0
1.66666666667	335.0
1.70833333333	360.0
1.75	360.0
1.79166666667	353.0
1.83333333333	360.0
1.875	344.0
1.91666666667	359.0
1.95833333333	344.0
2.0	315.0
2.04166666667	264.0
2.08333333333	195.0
2.125	97.0
2.16666666667	73.0
2.20833333333	41.0
2.25	20.0
2.29166666667	23.0
2.33333333333	42.0
2.375	97.0
2.41666666667	138.0
2.45833333333	195.0
2.5	218.0
2.54166666667	228.0
2.58333333333	230.0
2.625	300.0
2.66666666667	248.0
2.70833333333	297.0
2.75	296.0
2.79166666667	325.0
2.83333333333	343.0
2.875	356.0
2.91666666667	360.0
2.95833333333	330.0
3.0	279.0
3.04166666667	245.0
3.08333333333	232.0
3.125	120.0
3.16666666667	55.0
3.20833333333	18.0
3.25	21.0
3.29166666667	28.0
3.33333333333	79.0
3.375	108.0
3.41666666667	154.0
3.45833333333	230.0
3.5	259.0
3.54166666667	298.0
3.58333333333	272.0
3.625	324.0
3.66666666667	293.0
3.70833333333	312.0
3.75	360.0
3.79166666667	359.0
3.83333333333	351.0
3.875	360.0
3.91666666667	328.0
3.95833333333	348.0
4.0	358.0
4.04166666667	306.0
4.08333333333	170.0
4.125	123.0
4.16666666667	55.0
4.20833333333	24.0
4.25	22.0
4.29166666667	29.0
4.33333333333	55.0
4.375	99.0
4.41666666667	191.0
4.45833333333	236.0
4.5	252.0
4.54166666667	291.0
4.58333333333	311.0
4.625	332.0
4.66666666667	331.0
4.70833333333	349.0
4.75	340.0
4.79166666667	360.0
4.83333333333	351.0
4.875	360.0
4.91666666667	349.0
4.95833333333	359.0
5.0	356.0
5.04166666667	349.0
5.08333333333	247.0
5.125	170.0
5.16666666667	100.0
5.20833333333	80.0
5.25	56.0
5.29166666667	42.0
5.33333333333	128.0
5.375	195.0
5.41666666667	327.0
5.45833333333	360.0
5.5	360.0
5.54166666667	360.0
5.58333333333	360.0
5.625	356.0
5.66666666667	360.0
5.70833333333	360.0
5.75	356.0
5.79166666667	359.0
5.83333333333	360.0
5.875	360.0
5.91666666667	360.0
5.95833333333	329.0
6.0	305.0
6.04166666667	295.0
6.08333333333	182.0
6.125	125.0
6.16666666667	92.0
6.20833333333	36.0
6.25	57.0
6.29166666667	40.0
6.33333333333	51.0
6.375	91.0
6.41666666667	144.0
6.45833333333	176.0
6.5	190.0
6.54166666667	233.0
6.58333333333	289.0
6.625	312.0
6.66666666667	327.0
6.70833333333	360.0
6.75	360.0
6.79166666667	360.0
6.83333333333	360.0
6.875	360.0
6.91666666667	338.0
6.95833333333	359.0
7.0	352.0
7.04166666667	359.0
7.08333333333	269.0
7.125	161.0
7.16666666667	110.0
7.20833333333	79.0
7.25	30.0
7.29166666667	26.0
7.33333333333	25.0
7.375	41.0
7.41666666667	123.0
7.45833333333	166.0
7.5	187.0
7.54166666667	252.0
7.58333333333	307.0
7.625	360.0
7.66666666667	344.0
7.70833333333	358.0
7.75	358.0
7.79166666667	360.0
7.83333333333	358.0
7.875	360.0
7.91666666667	347.0
7.95833333333	358.0
8.0	350.0
8.04166666667	355.0
8.08333333333	302.0
8.125	206.0
8.16666666667	149.0
8.20833333333	88.0
8.25	58.0
8.29166666667	49.0
8.33333333333	39.0
8.375	47.0
8.41666666667	109.0
8.45833333333	151.0
8.5	192.0
8.54166666667	258.0
8.58333333333	272.0
8.625	306.0
8.66666666667	310.0
8.70833333333	328.0
8.75	312.0
8.79166666667	341.0
8.83333333333	359.0
8.875	336.0
8.91666666667	311.0
8.95833333333	322.0
9.0	283.0
9.04166666667	214.0
9.08333333333	121.0
9.125	88.0
9.16666666667	34.0
9.20833333333	26.0
9.25	18.0
9.29166666667	8.0
9.33333333333	33.0
9.375	74.0
9.41666666667	110.0
9.45833333333	178.0
9.5	179.0
9.54166666667	172.0
9.58333333333	190.0
9.625	221.0
9.66666666667	255.0
9.70833333333	248.0
9.75	265.0
9.79166666667	294.0
9.83333333333	319.0
9.875	335.0
9.91666666667	327.0
9.95833333333	245.0
10.0	123.0
