0.0	60.0
0.00694444444444	60.0
0.0138888888889	59.0
0.0208333333333	60.0
0.0277777777778	60.0
0.0347222222222	60.0
0.0416666666667	60.0
0.0486111111111	60.0
0.0555555555556	56.0
0.0625	60.0
0.0694444444444	60.0
0.0763888888889	45.0
0.0833333333333	55.0
0.0902777777778	44.0
0.0972222222222	40.0
0.104166666667	46.0
0.111111111111	45.0
0.118055555556	36.0
0.125	40.0
0.131944444444	32.0
0.138888888889	24.0
0.145833333333	21.0
0.152777777778	17.0
0.159722222222	14.0
0.166666666667	14.0
0.173611111111	17.0
0.180555555556	23.0
0.1875	15.0
0.194444444444	7.0
0.201388888889	10.0
0.208333333333	12.0
0.215277777778	9.0
0.222222222222	7.0
0.229166666667	6.0
0.236111111111	5.0
0.243055555556	6.0
0.25	9.0
0.256944444444	7.0
0.263888888889	5.0
0.270833333333	4.0
0.277777777778	3.0
0.284722222222	5.0
0.291666666667	5.0
0.298611111111	4.0
0.305555555556	3.0
0.3125	nan
0.319444444444	4.0
0.326388888889	6.0
0.333333333333	2.0
0.340277777778	2.0
0.347222222222	7.0
0.354166666667	4.0
0.361111111111	4.0
0.368055555556	17.0
0.375	11.0
0.381944444444	17.0
0.388888888889	10.0
0.395833333333	11.0
0.402777777778	11.0
0.409722222222	15.0
0.416666666667	26.0
0.423611111111	21.0
0.430555555556	16.0
0.4375	12.0
0.444444444444	28.0
0.451388888889	21.0
0.458333333333	37.0
0.465277777778	38.0
0.472222222222	30.0
0.479166666667	29.0
0.486111111111	28.0
0.493055555556	33.0
0.5	36.0
0.506944444444	38.0
0.513888888889	37.0
0.520833333333	40.0
0.527777777778	31.0
0.534722222222	51.0
0.541666666667	57.0
0.548611111111	33.0
0.555555555556	56.0
0.5625	50.0
0.569444444444	48.0
0.576388888889	48.0
0.583333333333	45.0
0.590277777778	60.0
0.597222222222	53.0
0.604166666667	60.0
0.611111111111	60.0
0.618055555556	60.0
0.625	51.0
0.631944444444	60.0
0.638888888889	60.0
0.645833333333	60.0
0.652777777778	60.0
0.659722222222	55.0
0.666666666667	60.0
0.673611111111	60.0
0.680555555556	50.0
0.6875	49.0
0.694444444444	60.0
0.701388888889	60.0
0.708333333333	55.0
0.715277777778	60.0
0.722222222222	60.0
0.729166666667	60.0
0.736111111111	60.0
0.743055555556	60.0
0.75	56.0
0.756944444444	60.0
0.763888888889	60.0
0.770833333333	60.0
0.777777777778	60.0
0.784722222222	60.0
0.791666666667	60.0
0.798611111111	60.0
0.805555555556	60.0
0.8125	60.0
0.819444444444	60.0
0.826388888889	60.0
0.833333333333	60.0
0.840277777778	60.0
0.847222222222	60.0
0.854166666667	60.0
0.861111111111	60.0
0.868055555556	60.0
0.875	60.0
0.881944444444	60.0
0.888888888889	60.0
0.895833333333	60.0
0.902777777778	60.0
0.909722222222	60.0
0.916666666667	60.0
0.923611111111	60.0
0.930555555556	60.0
0.9375	60.0
0.944444444444	60.0
0.951388888889	60.0
0.958333333333	60.0
0.965277777778	60.0
0.972222222222	60.0
0.979166666667	60.0
0.986111111111	60.0
0.993055555556	57.0
1.0	60.0
1.00694444444	60.0
1.01388888889	60.0
1.02083333333	60.0
1.02777777778	60.0
1.03472222222	60.0
1.04166666667	60.0
1.04861111111	60.0
1.05555555556	57.0
1.0625	60.0
1.06944444444	60.0
1.07638888889	60.0
1.08333333333	56.0
1.09027777778	44.0
1.09722222222	48.0
1.10416666667	53.0
1.11111111111	36.0
1.11805555556	47.0
1.125	44.0
1.13194444444	41.0
1.13888888889	47.0
1.14583333333	26.0
1.15277777778	26.0
1.15972222222	54.0
1.16666666667	42.0
1.17361111111	15.0
1.18055555556	18.0
1.1875	13.0
1.19444444444	11.0
1.20138888889	10.0
1.20833333333	16.0
1.21527777778	19.0
1.22222222222	17.0
1.22916666667	13.0
1.23611111111	9.0
1.24305555556	11.0
1.25	8.0
1.25694444444	3.0
1.26388888889	6.0
1.27083333333	8.0
1.27777777778	8.0
1.28472222222	4.0
1.29166666667	1.0
1.29861111111	6.0
1.30555555556	4.0
1.3125	8.0
1.31944444444	nan
1.32638888889	nan
1.33333333333	4.0
1.34027777778	1.0
1.34722222222	3.0
1.35416666667	7.0
1.36111111111	6.0
1.36805555556	13.0
1.375	11.0
1.38194444444	9.0
1.38888888889	13.0
1.39583333333	10.0
1.40277777778	7.0
1.40972222222	16.0
1.41666666667	12.0
1.42361111111	24.0
1.43055555556	18.0
1.4375	25.0
1.44444444444	27.0
1.45138888889	18.0
1.45833333333	29.0
1.46527777778	23.0
1.47222222222	39.0
1.47916666667	20.0
1.48611111111	43.0
1.49305555556	30.0
1.5	37.0
1.50694444444	36.0
1.51388888889	33.0
1.52083333333	34.0
1.52777777778	58.0
1.53472222222	34.0
1.54166666667	39.0
1.54861111111	37.0
1.55555555556	44.0
1.5625	47.0
1.56944444444	37.0
1.57638888889	48.0
1.58333333333	58.0
1.59027777778	56.0
1.59722222222	49.0
1.60416666667	60.0
1.61111111111	57.0
1.61805555556	54.0
1.625	51.0
1.63194444444	60.0
1.63888888889	50.0
1.64583333333	60.0
1.65277777778	51.0
1.65972222222	49.0
1.66666666667	55.0
1.67361111111	60.0
1.68055555556	60.0
1.6875	60.0
1.69444444444	60.0
1.70138888889	60.0
1.70833333333	60.0
1.71527777778	60.0
1.72222222222	60.0
1.72916666667	60.0
1.73611111111	60.0
1.74305555556	60.0
1.75	60.0
1.75694444444	60.0
1.76388888889	60.0
1.77083333333	60.0
1.77777777778	60.0
1.78472222222	60.0
1.79166666667	60.0
1.79861111111	60.0
1.80555555556	53.0
1.8125	60.0
1.81944444444	60.0
1.82638888889	60.0
1.83333333333	60.0
1.84027777778	60.0
1.84722222222	60.0
1.85416666667	60.0
1.86111111111	60.0
1.86805555556	60.0
1.875	60.0
1.88194444444	55.0
1.88888888889	55.0
1.89583333333	54.0
1.90277777778	60.0
1.90972222222	60.0
1.91666666667	60.0
1.92361111111	59.0
1.93055555556	60.0
1.9375	60.0
1.94444444444	60.0
1.95138888889	60.0
1.95833333333	60.0
1.96527777778	54.0
1.97222222222	50.0
1.97916666667	60.0
1.98611111111	49.0
1.99305555556	60.0
2.0	53.0
2.00694444444	60.0
2.01388888889	51.0
2.02083333333	42.0
2.02777777778	55.0
2.03472222222	50.0
2.04166666667	39.0
2.04861111111	60.0
2.05555555556	19.0
2.0625	41.0
2.06944444444	35.0
2.07638888889	32.0
2.08333333333	30.0
2.09027777778	35.0
2.09722222222	34.0
2.10416666667	29.0
2.11111111111	23.0
2.11805555556	16.0
2.125	16.0
2.13194444444	10.0
2.13888888889	19.0
2.14583333333	13.0
2.15277777778	14.0
2.15972222222	15.0
2.16666666667	10.0
2.17361111111	14.0
2.18055555556	9.0
2.1875	11.0
2.19444444444	8.0
2.20138888889	11.0
2.20833333333	11.0
2.21527777778	4.0
2.22222222222	2.0
2.22916666667	5.0
2.23611111111	9.0
2.24305555556	2.0
2.25	1.0
2.25694444444	2.0
2.26388888889	4.0
2.27083333333	2.0
2.27777777778	1.0
2.28472222222	5.0
2.29166666667	2.0
2.29861111111	nan
2.30555555556	10.0
2.3125	5.0
2.31944444444	9.0
2.32638888889	6.0
2.33333333333	6.0
2.34027777778	7.0
2.34722222222	8.0
2.35416666667	6.0
2.36111111111	13.0
2.36805555556	9.0
2.375	15.0
2.38194444444	15.0
2.38888888889	18.0
2.39583333333	27.0
2.40277777778	18.0
2.40972222222	20.0
2.41666666667	18.0
2.42361111111	27.0
2.43055555556	25.0
2.4375	30.0
2.44444444444	36.0
2.45138888889	22.0
2.45833333333	34.0
2.46527777778	32.0
2.47222222222	45.0
2.47916666667	26.0
2.48611111111	46.0
2.49305555556	33.0
2.5	36.0
2.50694444444	31.0
2.51388888889	33.0
2.52083333333	39.0
2.52777777778	38.0
2.53472222222	38.0
2.54166666667	34.0
2.54861111111	45.0
2.55555555556	32.0
2.5625	41.0
2.56944444444	30.0
2.57638888889	40.0
2.58333333333	40.0
2.59027777778	40.0
2.59722222222	50.0
2.60416666667	30.0
2.61111111111	43.0
2.61805555556	43.0
2.625	53.0
2.63194444444	55.0
2.63888888889	60.0
2.64583333333	46.0
2.65277777778	37.0
2.65972222222	40.0
2.66666666667	51.0
2.67361111111	39.0
2.68055555556	40.0
2.6875	41.0
2.69444444444	42.0
2.70138888889	53.0
2.70833333333	45.0
2.71527777778	54.0
2.72222222222	43.0
2.72916666667	60.0
2.73611111111	40.0
2.74305555556	60.0
2.75	41.0
2.75694444444	59.0
2.76388888889	60.0
2.77083333333	36.0
2.77777777778	56.0
2.78472222222	59.0
2.79166666667	60.0
2.79861111111	49.0
2.80555555556	51.0
2.8125	50.0
2.81944444444	60.0
2.82638888889	55.0
2.83333333333	57.0
2.84027777778	54.0
2.84722222222	60.0
2.85416666667	57.0
2.86111111111	56.0
2.86805555556	60.0
2.875	60.0
2.88194444444	60.0
2.88888888889	60.0
2.89583333333	60.0
2.90277777778	60.0
2.90972222222	60.0
2.91666666667	60.0
2.92361111111	60.0
2.93055555556	60.0
2.9375	60.0
2.94444444444	55.0
2.95138888889	59.0
2.95833333333	60.0
2.96527777778	42.0
2.97222222222	60.0
2.97916666667	54.0
2.98611111111	44.0
2.99305555556	41.0
3.0	49.0
3.00694444444	47.0
3.01388888889	43.0
3.02083333333	55.0
3.02777777778	56.0
3.03472222222	48.0
3.04166666667	46.0
3.04861111111	47.0
3.05555555556	34.0
3.0625	14.0
3.06944444444	46.0
3.07638888889	47.0
3.08333333333	28.0
3.09027777778	35.0
3.09722222222	37.0
3.10416666667	39.0
3.11111111111	23.0
3.11805555556	24.0
3.125	24.0
3.13194444444	27.0
3.13888888889	14.0
3.14583333333	8.0
3.15277777778	7.0
3.15972222222	10.0
3.16666666667	13.0
3.17361111111	12.0
3.18055555556	9.0
3.1875	4.0
3.19444444444	2.0
3.20138888889	3.0
3.20833333333	1.0
3.21527777778	2.0
3.22222222222	6.0
3.22916666667	4.0
3.23611111111	1.0
3.24305555556	5.0
3.25	8.0
3.25694444444	1.0
3.26388888889	3.0
3.27083333333	3.0
3.27777777778	2.0
3.28472222222	3.0
3.29166666667	2.0
3.29861111111	10.0
3.30555555556	5.0
3.3125	6.0
3.31944444444	20.0
3.32638888889	16.0
3.33333333333	6.0
3.34027777778	9.0
3.34722222222	18.0
3.35416666667	10.0
3.36111111111	16.0
3.36805555556	10.0
3.375	23.0
3.38194444444	26.0
3.38888888889	14.0
3.39583333333	19.0
3.40277777778	33.0
3.40972222222	25.0
3.41666666667	20.0
3.42361111111	17.0
3.43055555556	30.0
3.4375	29.0
3.44444444444	30.0
3.45138888889	29.0
3.45833333333	60.0
3.46527777778	41.0
3.47222222222	40.0
3.47916666667	30.0
3.48611111111	35.0
3.49305555556	39.0
3.5	43.0
3.50694444444	42.0
3.51388888889	48.0
3.52083333333	52.0
3.52777777778	50.0
3.53472222222	58.0
3.54166666667	43.0
3.54861111111	53.0
3.55555555556	52.0
3.5625	42.0
3.56944444444	57.0
3.57638888889	39.0
3.58333333333	43.0
3.59027777778	42.0
3.59722222222	46.0
3.60416666667	45.0
3.61111111111	47.0
3.61805555556	44.0
3.625	60.0
3.63194444444	60.0
3.63888888889	60.0
3.64583333333	53.0
3.65277777778	60.0
3.65972222222	34.0
3.66666666667	51.0
3.67361111111	42.0
3.68055555556	60.0
3.6875	46.0
3.69444444444	44.0
3.70138888889	54.0
3.70833333333	55.0
3.71527777778	60.0
3.72222222222	51.0
3.72916666667	48.0
3.73611111111	60.0
3.74305555556	60.0
3.75	60.0
3.75694444444	60.0
3.76388888889	60.0
3.77083333333	60.0
3.77777777778	60.0
3.78472222222	60.0
3.79166666667	60.0
3.79861111111	60.0
3.80555555556	60.0
3.8125	59.0
3.81944444444	60.0
3.82638888889	60.0
3.83333333333	60.0
3.84027777778	60.0
3.84722222222	60.0
3.85416666667	51.0
3.86111111111	60.0
3.86805555556	60.0
3.875	60.0
3.88194444444	60.0
3.88888888889	60.0
3.89583333333	60.0
3.90277777778	60.0
3.90972222222	53.0
3.91666666667	60.0
3.92361111111	47.0
3.93055555556	60.0
3.9375	48.0
3.94444444444	53.0
3.95138888889	60.0
3.95833333333	60.0
3.96527777778	55.0
3.97222222222	60.0
3.97916666667	60.0
3.98611111111	60.0
3.99305555556	60.0
4.0	60.0
4.00694444444	60.0
4.01388888889	58.0
4.02083333333	60.0
4.02777777778	60.0
4.03472222222	60.0
4.04166666667	54.0
4.04861111111	53.0
4.05555555556	44.0
4.0625	35.0
4.06944444444	50.0
4.07638888889	28.0
4.08333333333	17.0
4.09027777778	32.0
4.09722222222	21.0
4.10416666667	22.0
4.11111111111	25.0
4.11805555556	27.0
4.125	17.0
4.13194444444	27.0
4.13888888889	15.0
4.14583333333	12.0
4.15277777778	10.0
4.15972222222	11.0
4.16666666667	9.0
4.17361111111	13.0
4.18055555556	10.0
4.1875	2.0
4.19444444444	6.0
4.20138888889	5.0
4.20833333333	2.0
4.21527777778	4.0
4.22222222222	4.0
4.22916666667	3.0
4.23611111111	8.0
4.24305555556	5.0
4.25	3.0
4.25694444444	3.0
4.26388888889	1.0
4.27083333333	2.0
4.27777777778	3.0
4.28472222222	6.0
4.29166666667	8.0
4.29861111111	3.0
4.30555555556	6.0
4.3125	3.0
4.31944444444	3.0
4.32638888889	11.0
4.33333333333	8.0
4.34027777778	8.0
4.34722222222	10.0
4.35416666667	15.0
4.36111111111	17.0
4.36805555556	13.0
4.375	10.0
4.38194444444	16.0
4.38888888889	24.0
4.39583333333	19.0
4.40277777778	17.0
4.40972222222	25.0
4.41666666667	31.0
4.42361111111	41.0
4.43055555556	39.0
4.4375	38.0
4.44444444444	35.0
4.45138888889	40.0
4.45833333333	53.0
4.46527777778	34.0
4.47222222222	37.0
4.47916666667	37.0
4.48611111111	43.0
4.49305555556	42.0
4.5	44.0
4.50694444444	32.0
4.51388888889	34.0
4.52083333333	57.0
4.52777777778	47.0
4.53472222222	40.0
4.54166666667	60.0
4.54861111111	58.0
4.55555555556	39.0
4.5625	47.0
4.56944444444	45.0
4.57638888889	52.0
4.58333333333	55.0
4.59027777778	58.0
4.59722222222	54.0
4.60416666667	47.0
4.61111111111	47.0
4.61805555556	45.0
4.625	60.0
4.63194444444	60.0
4.63888888889	60.0
4.64583333333	60.0
4.65277777778	60.0
4.65972222222	60.0
4.66666666667	52.0
4.67361111111	52.0
4.68055555556	53.0
4.6875	54.0
4.69444444444	52.0
4.70138888889	60.0
4.70833333333	59.0
4.71527777778	58.0
4.72222222222	60.0
4.72916666667	60.0
4.73611111111	59.0
4.74305555556	56.0
4.75	60.0
4.75694444444	45.0
4.76388888889	60.0
4.77083333333	60.0
4.77777777778	60.0
4.78472222222	60.0
4.79166666667	60.0
4.79861111111	60.0
4.80555555556	60.0
4.8125	60.0
4.81944444444	60.0
4.82638888889	60.0
4.83333333333	51.0
4.84027777778	60.0
4.84722222222	60.0
4.85416666667	60.0
4.86111111111	60.0
4.86805555556	60.0
4.875	60.0
4.88194444444	60.0
4.88888888889	60.0
4.89583333333	60.0
4.90277777778	60.0
4.90972222222	60.0
4.91666666667	53.0
4.92361111111	56.0
4.93055555556	60.0
4.9375	60.0
4.94444444444	59.0
4.95138888889	60.0
4.95833333333	60.0
4.96527777778	60.0
4.97222222222	60.0
4.97916666667	60.0
4.98611111111	60.0
4.99305555556	60.0
5.0	56.0
5.00694444444	60.0
5.01388888889	60.0
5.02083333333	60.0
5.02777777778	60.0
5.03472222222	60.0
5.04166666667	60.0
5.04861111111	59.0
5.05555555556	55.0
5.0625	55.0
5.06944444444	60.0
5.07638888889	30.0
5.08333333333	38.0
5.09027777778	52.0
5.09722222222	36.0
5.10416666667	31.0
5.11111111111	28.0
5.11805555556	31.0
5.125	30.0
5.13194444444	29.0
5.13888888889	24.0
5.14583333333	28.0
5.15277777778	18.0
5.15972222222	21.0
5.16666666667	14.0
5.17361111111	20.0
5.18055555556	14.0
5.1875	13.0
5.19444444444	12.0
5.20138888889	12.0
5.20833333333	16.0
5.21527777778	8.0
5.22222222222	11.0
5.22916666667	21.0
5.23611111111	12.0
5.24305555556	14.0
5.25	9.0
5.25694444444	9.0
5.26388888889	8.0
5.27083333333	4.0
5.27777777778	3.0
5.28472222222	6.0
5.29166666667	5.0
5.29861111111	12.0
5.30555555556	8.0
5.3125	8.0
5.31944444444	15.0
5.32638888889	16.0
5.33333333333	24.0
5.34027777778	24.0
5.34722222222	23.0
5.35416666667	26.0
5.36111111111	36.0
5.36805555556	24.0
5.375	34.0
5.38194444444	39.0
5.38888888889	29.0
5.39583333333	33.0
5.40277777778	56.0
5.40972222222	54.0
5.41666666667	53.0
5.42361111111	49.0
5.43055555556	60.0
5.4375	55.0
5.44444444444	60.0
5.45138888889	60.0
5.45833333333	60.0
5.46527777778	60.0
5.47222222222	60.0
5.47916666667	60.0
5.48611111111	60.0
5.49305555556	60.0
5.5	60.0
5.50694444444	60.0
5.51388888889	60.0
5.52083333333	60.0
5.52777777778	60.0
5.53472222222	60.0
5.54166666667	60.0
5.54861111111	60.0
5.55555555556	60.0
5.5625	60.0
5.56944444444	60.0
5.57638888889	60.0
5.58333333333	60.0
5.59027777778	60.0
5.59722222222	60.0
5.60416666667	60.0
5.61111111111	60.0
5.61805555556	60.0
5.625	56.0
5.63194444444	60.0
5.63888888889	60.0
5.64583333333	60.0
5.65277777778	60.0
5.65972222222	60.0
5.66666666667	60.0
5.67361111111	60.0
5.68055555556	60.0
5.6875	60.0
5.69444444444	60.0
5.70138888889	60.0
5.70833333333	60.0
5.71527777778	60.0
5.72222222222	60.0
5.72916666667	60.0
5.73611111111	56.0
5.74305555556	60.0
5.75	60.0
5.75694444444	60.0
5.76388888889	60.0
5.77083333333	60.0
5.77777777778	60.0
5.78472222222	60.0
5.79166666667	60.0
5.79861111111	59.0
5.80555555556	60.0
5.8125	60.0
5.81944444444	60.0
5.82638888889	60.0
5.83333333333	60.0
5.84027777778	60.0
5.84722222222	60.0
5.85416666667	60.0
5.86111111111	60.0
5.86805555556	60.0
5.875	60.0
5.88194444444	60.0
5.88888888889	60.0
5.89583333333	60.0
5.90277777778	60.0
5.90972222222	60.0
5.91666666667	60.0
5.92361111111	60.0
5.93055555556	60.0
5.9375	60.0
5.94444444444	60.0
5.95138888889	54.0
5.95833333333	51.0
5.96527777778	52.0
5.97222222222	59.0
5.97916666667	53.0
5.98611111111	38.0
5.99305555556	56.0
6.0	60.0
6.00694444444	60.0
6.01388888889	48.0
6.02083333333	43.0
6.02777777778	60.0
6.03472222222	60.0
6.04166666667	43.0
6.04861111111	47.0
6.05555555556	50.0
6.0625	35.0
6.06944444444	34.0
6.07638888889	36.0
6.08333333333	20.0
6.09027777778	32.0
6.09722222222	24.0
6.10416666667	36.0
6.11111111111	30.0
6.11805555556	25.0
6.125	27.0
6.13194444444	12.0
6.13888888889	20.0
6.14583333333	11.0
6.15277777778	17.0
6.15972222222	33.0
6.16666666667	4.0
6.17361111111	13.0
6.18055555556	18.0
6.1875	7.0
6.19444444444	10.0
6.20138888889	6.0
6.20833333333	4.0
6.21527777778	9.0
6.22222222222	4.0
6.22916666667	3.0
6.23611111111	7.0
6.24305555556	8.0
6.25	14.0
6.25694444444	9.0
6.26388888889	11.0
6.27083333333	8.0
6.27777777778	4.0
6.28472222222	9.0
6.29166666667	9.0
6.29861111111	3.0
6.30555555556	5.0
6.3125	10.0
6.31944444444	4.0
6.32638888889	9.0
6.33333333333	3.0
6.34027777778	9.0
6.34722222222	16.0
6.35416666667	10.0
6.36111111111	14.0
6.36805555556	9.0
6.375	12.0
6.38194444444	24.0
6.38888888889	22.0
6.39583333333	10.0
6.40277777778	14.0
6.40972222222	27.0
6.41666666667	27.0
6.42361111111	31.0
6.43055555556	23.0
6.4375	22.0
6.44444444444	27.0
6.45138888889	22.0
6.45833333333	19.0
6.46527777778	32.0
6.47222222222	35.0
6.47916666667	41.0
6.48611111111	40.0
6.49305555556	25.0
6.5	24.0
6.50694444444	28.0
6.51388888889	34.0
6.52083333333	39.0
6.52777777778	33.0
6.53472222222	41.0
6.54166666667	29.0
6.54861111111	37.0
6.55555555556	53.0
6.5625	40.0
6.56944444444	35.0
6.57638888889	42.0
6.58333333333	60.0
6.59027777778	58.0
6.59722222222	58.0
6.60416666667	36.0
6.61111111111	50.0
6.61805555556	41.0
6.625	49.0
6.63194444444	60.0
6.63888888889	52.0
6.64583333333	60.0
6.65277777778	59.0
6.65972222222	50.0
6.66666666667	42.0
6.67361111111	58.0
6.68055555556	58.0
6.6875	60.0
6.69444444444	60.0
6.70138888889	60.0
6.70833333333	60.0
6.71527777778	60.0
6.72222222222	60.0
6.72916666667	60.0
6.73611111111	60.0
6.74305555556	60.0
6.75	60.0
6.75694444444	60.0
6.76388888889	60.0
6.77083333333	60.0
6.77777777778	60.0
6.78472222222	60.0
6.79166666667	60.0
6.79861111111	60.0
6.80555555556	60.0
6.8125	60.0
6.81944444444	60.0
6.82638888889	60.0
6.83333333333	60.0
6.84027777778	60.0
6.84722222222	60.0
6.85416666667	60.0
6.86111111111	60.0
6.86805555556	60.0
6.875	60.0
6.88194444444	60.0
6.88888888889	60.0
6.89583333333	60.0
6.90277777778	60.0
6.90972222222	55.0
6.91666666667	60.0
6.92361111111	60.0
6.93055555556	49.0
6.9375	54.0
6.94444444444	60.0
6.95138888889	60.0
6.95833333333	60.0
6.96527777778	60.0
6.97222222222	60.0
6.97916666667	59.0
6.98611111111	60.0
6.99305555556	52.0
7.0	60.0
7.00694444444	60.0
7.01388888889	60.0
7.02083333333	60.0
7.02777777778	60.0
7.03472222222	60.0
7.04166666667	60.0
7.04861111111	60.0
7.05555555556	60.0
7.0625	59.0
7.06944444444	59.0
7.07638888889	60.0
7.08333333333	57.0
7.09027777778	38.0
7.09722222222	24.0
7.10416666667	31.0
7.11111111111	29.0
7.11805555556	35.0
7.125	32.0
7.13194444444	23.0
7.13888888889	24.0
7.14583333333	18.0
7.15277777778	23.0
7.15972222222	25.0
7.16666666667	15.0
7.17361111111	22.0
7.18055555556	17.0
7.1875	8.0
7.19444444444	10.0
7.20138888889	24.0
7.20833333333	21.0
7.21527777778	9.0
7.22222222222	11.0
7.22916666667	4.0
7.23611111111	6.0
7.24305555556	12.0
7.25	5.0
7.25694444444	2.0
7.26388888889	2.0
7.27083333333	3.0
7.27777777778	3.0
7.28472222222	3.0
7.29166666667	5.0
7.29861111111	6.0
7.30555555556	4.0
7.3125	5.0
7.31944444444	1.0
7.32638888889	2.0
7.33333333333	9.0
7.34027777778	6.0
7.34722222222	4.0
7.35416666667	3.0
7.36111111111	6.0
7.36805555556	6.0
7.375	3.0
7.38194444444	6.0
7.38888888889	12.0
7.39583333333	8.0
7.40277777778	14.0
7.40972222222	11.0
7.41666666667	31.0
7.42361111111	19.0
7.43055555556	25.0
7.4375	23.0
7.44444444444	23.0
7.45138888889	25.0
7.45833333333	31.0
7.46527777778	27.0
7.47222222222	29.0
7.47916666667	31.0
7.48611111111	31.0
7.49305555556	35.0
7.5	30.0
7.50694444444	30.0
7.51388888889	25.0
7.52083333333	36.0
7.52777777778	36.0
7.53472222222	54.0
7.54166666667	39.0
7.54861111111	29.0
7.55555555556	49.0
7.5625	45.0
7.56944444444	37.0
7.57638888889	46.0
7.58333333333	55.0
7.59027777778	49.0
7.59722222222	60.0
7.60416666667	60.0
7.61111111111	60.0
7.61805555556	60.0
7.625	60.0
7.63194444444	60.0
7.63888888889	60.0
7.64583333333	60.0
7.65277777778	60.0
7.65972222222	60.0
7.66666666667	60.0
7.67361111111	55.0
7.68055555556	49.0
7.6875	60.0
7.69444444444	60.0
7.70138888889	60.0
7.70833333333	58.0
7.71527777778	60.0
7.72222222222	60.0
7.72916666667	60.0
7.73611111111	60.0
7.74305555556	60.0
7.75	58.0
7.75694444444	60.0
7.76388888889	60.0
7.77083333333	60.0
7.77777777778	60.0
7.78472222222	60.0
7.79166666667	60.0
7.79861111111	60.0
7.80555555556	60.0
7.8125	60.0
7.81944444444	60.0
7.82638888889	60.0
7.83333333333	60.0
7.84027777778	58.0
7.84722222222	60.0
7.85416666667	60.0
7.86111111111	60.0
7.86805555556	60.0
7.875	60.0
7.88194444444	60.0
7.88888888889	60.0
7.89583333333	60.0
7.90277777778	60.0
7.90972222222	60.0
7.91666666667	53.0
7.92361111111	60.0
7.93055555556	54.0
7.9375	60.0
7.94444444444	60.0
7.95138888889	60.0
7.95833333333	60.0
7.96527777778	58.0
7.97222222222	60.0
7.97916666667	60.0
7.98611111111	60.0
7.99305555556	60.0
8.0	60.0
8.00694444444	60.0
8.01388888889	50.0
8.02083333333	60.0
8.02777777778	60.0
8.03472222222	60.0
8.04166666667	60.0
8.04861111111	60.0
8.05555555556	60.0
8.0625	55.0
8.06944444444	54.0
8.07638888889	60.0
8.08333333333	60.0
8.09027777778	55.0
8.09722222222	48.0
8.10416666667	25.0
8.11111111111	31.0
8.11805555556	38.0
8.125	41.0
8.13194444444	36.0
8.13888888889	30.0
8.14583333333	30.0
8.15277777778	25.0
8.15972222222	38.0
8.16666666667	21.0
8.17361111111	22.0
8.18055555556	29.0
8.1875	14.0
8.19444444444	15.0
8.20138888889	21.0
8.20833333333	13.0
8.21527777778	13.0
8.22222222222	9.0
8.22916666667	17.0
8.23611111111	16.0
8.24305555556	11.0
8.25	8.0
8.25694444444	9.0
8.26388888889	5.0
8.27083333333	9.0
8.27777777778	10.0
8.28472222222	4.0
8.29166666667	11.0
8.29861111111	11.0
8.30555555556	11.0
8.3125	2.0
8.31944444444	5.0
8.32638888889	5.0
8.33333333333	4.0
8.34027777778	6.0
8.34722222222	8.0
8.35416666667	11.0
8.36111111111	6.0
8.36805555556	6.0
8.375	4.0
8.38194444444	6.0
8.38888888889	13.0
8.39583333333	12.0
8.40277777778	12.0
8.40972222222	22.0
8.41666666667	17.0
8.42361111111	16.0
8.43055555556	20.0
8.4375	22.0
8.44444444444	22.0
8.45138888889	17.0
8.45833333333	27.0
8.46527777778	28.0
8.47222222222	39.0
8.47916666667	18.0
8.48611111111	27.0
8.49305555556	38.0
8.5	22.0
8.50694444444	41.0
8.51388888889	28.0
8.52083333333	36.0
8.52777777778	38.0
8.53472222222	39.0
8.54166666667	45.0
8.54861111111	45.0
8.55555555556	39.0
8.5625	52.0
8.56944444444	49.0
8.57638888889	50.0
8.58333333333	40.0
8.59027777778	43.0
8.59722222222	48.0
8.60416666667	42.0
8.61111111111	43.0
8.61805555556	52.0
8.625	36.0
8.63194444444	60.0
8.63888888889	60.0
8.64583333333	55.0
8.65277777778	40.0
8.65972222222	44.0
8.66666666667	60.0
8.67361111111	46.0
8.68055555556	60.0
8.6875	60.0
8.69444444444	58.0
8.70138888889	50.0
8.70833333333	60.0
8.71527777778	43.0
8.72222222222	57.0
8.72916666667	60.0
8.73611111111	48.0
8.74305555556	57.0
8.75	47.0
8.75694444444	53.0
8.76388888889	47.0
8.77083333333	60.0
8.77777777778	57.0
8.78472222222	55.0
8.79166666667	55.0
8.79861111111	55.0
8.80555555556	59.0
8.8125	60.0
8.81944444444	59.0
8.82638888889	60.0
8.83333333333	60.0
8.84027777778	60.0
8.84722222222	60.0
8.85416666667	60.0
8.86111111111	60.0
8.86805555556	60.0
8.875	60.0
8.88194444444	54.0
8.88888888889	60.0
8.89583333333	42.0
8.90277777778	52.0
8.90972222222	50.0
8.91666666667	51.0
8.92361111111	49.0
8.93055555556	58.0
8.9375	51.0
8.94444444444	43.0
8.95138888889	57.0
8.95833333333	55.0
8.96527777778	60.0
8.97222222222	48.0
8.97916666667	59.0
8.98611111111	58.0
8.99305555556	60.0
9.0	53.0
9.00694444444	41.0
9.01388888889	38.0
9.02083333333	33.0
9.02777777778	46.0
9.03472222222	43.0
9.04166666667	36.0
9.04861111111	28.0
9.05555555556	32.0
9.0625	29.0
9.06944444444	17.0
9.07638888889	27.0
9.08333333333	17.0
9.09027777778	27.0
9.09722222222	12.0
9.10416666667	21.0
9.11111111111	11.0
9.11805555556	24.0
9.125	20.0
9.13194444444	12.0
9.13888888889	11.0
9.14583333333	10.0
9.15277777778	6.0
9.15972222222	8.0
9.16666666667	2.0
9.17361111111	7.0
9.18055555556	6.0
9.1875	5.0
9.19444444444	6.0
9.20138888889	3.0
9.20833333333	2.0
9.21527777778	7.0
9.22222222222	3.0
9.22916666667	5.0
9.23611111111	3.0
9.24305555556	4.0
9.25	1.0
9.25694444444	3.0
9.26388888889	4.0
9.27083333333	3.0
9.27777777778	2.0
9.28472222222	nan
9.29166666667	1.0
9.29861111111	1.0
9.30555555556	1.0
9.3125	3.0
9.31944444444	4.0
9.32638888889	3.0
9.33333333333	2.0
9.34027777778	8.0
9.34722222222	7.0
9.35416666667	9.0
9.36111111111	5.0
9.36805555556	10.0
9.375	11.0
9.38194444444	10.0
9.38888888889	15.0
9.39583333333	23.0
9.40277777778	5.0
9.40972222222	14.0
9.41666666667	16.0
9.42361111111	23.0
9.43055555556	16.0
9.4375	36.0
9.44444444444	29.0
9.45138888889	15.0
9.45833333333	27.0
9.46527777778	35.0
9.47222222222	32.0
9.47916666667	40.0
9.48611111111	40.0
9.49305555556	33.0
9.5	20.0
9.50694444444	22.0
9.51388888889	32.0
9.52083333333	32.0
9.52777777778	24.0
9.53472222222	24.0
9.54166666667	30.0
9.54861111111	38.0
9.55555555556	39.0
9.5625	17.0
9.56944444444	27.0
9.57638888889	39.0
9.58333333333	31.0
9.59027777778	30.0
9.59722222222	38.0
9.60416666667	25.0
9.61111111111	36.0
9.61805555556	37.0
9.625	38.0
9.63194444444	36.0
9.63888888889	38.0
9.64583333333	36.0
9.65277777778	47.0
9.65972222222	37.0
9.66666666667	43.0
9.67361111111	44.0
9.68055555556	44.0
9.6875	40.0
9.69444444444	41.0
9.70138888889	43.0
9.70833333333	43.0
9.71527777778	41.0
9.72222222222	38.0
9.72916666667	42.0
9.73611111111	47.0
9.74305555556	58.0
9.75	36.0
9.75694444444	40.0
9.76388888889	42.0
9.77083333333	42.0
9.77777777778	51.0
9.78472222222	60.0
9.79166666667	47.0
9.79861111111	47.0
9.80555555556	53.0
9.8125	36.0
9.81944444444	42.0
9.82638888889	56.0
9.83333333333	58.0
9.84027777778	60.0
9.84722222222	50.0
9.85416666667	53.0
9.86111111111	49.0
9.86805555556	58.0
9.875	60.0
9.88194444444	60.0
9.88888888889	48.0
9.89583333333	60.0
9.90277777778	60.0
9.90972222222	48.0
9.91666666667	60.0
9.92361111111	52.0
9.93055555556	54.0
9.9375	53.0
9.94444444444	44.0
9.95138888889	54.0
9.95833333333	35.0
9.96527777778	41.0
9.97222222222	33.0
9.97916666667	38.0
9.98611111111	49.0
9.99305555556	60.0
10.0	14.0
