40.756847 -73.98809605 40.7634786 -73.9780882
40.7502154 -73.98809605 40.756847 -73.9780882
40.7502154 -73.9981039 40.756847 -73.98809605
40.7170574 -73.9981039 40.723689 -73.98809605
40.7369522 -74.00811175 40.7435838 -73.9981039
40.7435838 -73.98809605 40.7502154 -73.9780882
40.7303206 -73.9981039 40.7369522 -73.98809605
40.723689 -73.9981039 40.7303206 -73.98809605
40.756847 -73.9780882 40.7634786 -73.96808035
40.723689 -74.00811175 40.7303206 -73.9981039
40.723689 -73.98809605 40.7303206 -73.9780882
40.7170574 -74.00811175 40.723689 -73.9981039
40.7369522 -73.9981039 40.7435838 -73.98809605
40.7634786 -73.98809605 40.7701102 -73.9780882
40.7435838 -73.9981039 40.7502154 -73.98809605
40.7502154 -73.9780882 40.756847 -73.96808035
40.7303206 -74.00811175 40.7369522 -73.9981039
40.756847 -73.9981039 40.7634786 -73.98809605
40.7170574 -73.98809605 40.723689 -73.9780882
40.7369522 -73.98809605 40.7435838 -73.9780882
40.7435838 -74.00811175 40.7502154 -73.9981039
40.7634786 -73.9780882 40.7701102 -73.96808035
40.7104258 -73.96808035 40.7170574 -73.9580725
40.7303206 -73.98809605 40.7369522 -73.9780882
40.7104258 -73.9580725 40.7170574 -73.94806465
40.7037942 -74.0181196 40.7104258 -74.00811175
40.7170574 -73.9580725 40.723689 -73.94806465
40.7104258 -74.0181196 40.7170574 -74.00811175
40.7701102 -73.98809605 40.7767418 -73.9780882
40.756847 -73.96808035 40.7634786 -73.9580725
40.7170574 -73.96808035 40.723689 -73.9580725
40.7634786 -73.9981039 40.7701102 -73.98809605
40.7767418 -73.9780882 40.7833734 -73.96808035
40.7701102 -73.9580725 40.7767418 -73.94806465
40.7767418 -73.9580725 40.7833734 -73.94806465
40.7104258 -74.00811175 40.7170574 -73.9981039
40.7767418 -73.96808035 40.7833734 -73.9580725
40.7634786 -73.96808035 40.7701102 -73.9580725
40.7502154 -74.00811175 40.756847 -73.9981039
40.7435838 -73.9780882 40.7502154 -73.96808035
40.7037942 -74.00811175 40.7104258 -73.9981039
40.7767418 -73.98809605 40.7833734 -73.9780882
40.7701102 -73.96808035 40.7767418 -73.9580725
40.7104258 -73.94806465 40.7170574 -73.9380568
40.7104258 -73.9981039 40.7170574 -73.98809605
40.7833734 -73.9780882 40.790005 -73.96808035
40.7037942 -73.9380568 40.7104258 -73.92804895
40.7701102 -73.9780882 40.7767418 -73.96808035
40.6971626 -73.9981039 40.7037942 -73.98809605
40.790005 -73.9780882 40.7966366 -73.96808035
40.723689 -73.9580725 40.7303206 -73.94806465
40.756847 -74.00811175 40.7634786 -73.9981039
40.7037942 -73.9580725 40.7104258 -73.94806465
40.7966366 -73.96808035 40.8032682 -73.9580725
40.7037942 -73.94806465 40.7104258 -73.9380568
40.8032682 -73.96808035 40.8098998 -73.9580725
40.6971626 -73.92804895 40.7037942 -73.9180411
40.8032682 -73.9580725 40.8098998 -73.94806465
40.790005 -73.94806465 40.7966366 -73.9380568
40.756847 -73.92804895 40.7634786 -73.9180411
40.7634786 -73.9580725 40.7701102 -73.94806465
40.8032682 -73.94806465 40.8098998 -73.9380568
40.7170574 -73.94806465 40.723689 -73.9380568
40.7037942 -73.92804895 40.7104258 -73.9180411
40.7966366 -73.94806465 40.8032682 -73.9380568
40.7833734 -73.9580725 40.790005 -73.94806465
40.6971626 -73.9380568 40.7037942 -73.92804895
40.7634786 -73.92804895 40.7701102 -73.9180411
40.7037942 -73.9981039 40.7104258 -73.98809605
40.7170574 -74.0181196 40.723689 -74.00811175
40.7634786 -73.9180411 40.7701102 -73.90803325
40.7502154 -73.96808035 40.756847 -73.9580725
40.7435838 -73.88801755 40.7502154 -73.8780097
40.7966366 -73.9580725 40.8032682 -73.94806465
40.7303206 -73.9580725 40.7369522 -73.94806465
40.7369522 -74.0381353 40.7435838 -74.02812745
40.790005 -73.96808035 40.7966366 -73.9580725
40.6971626 -73.9180411 40.7037942 -73.90803325
40.7435838 -73.8980254 40.7502154 -73.88801755
40.7037942 -73.96808035 40.7104258 -73.9580725
40.6971626 -73.98809605 40.7037942 -73.9780882
40.7104258 -73.98809605 40.7170574 -73.9780882
40.7833734 -73.94806465 40.790005 -73.9380568
40.7170574 -74.04814315 40.723689 -74.0381353
40.7502154 -73.88801755 40.756847 -73.8780097
40.7435838 -73.94806465 40.7502154 -73.9380568
40.7502154 -73.92804895 40.756847 -73.9180411
40.7369522 -73.88801755 40.7435838 -73.8780097
40.723689 -73.94806465 40.7303206 -73.9380568
40.7502154 -73.94806465 40.756847 -73.9380568
40.756847 -73.9180411 40.7634786 -73.90803325
40.7435838 -73.9580725 40.7502154 -73.94806465
40.7037942 -73.90803325 40.7104258 -73.8980254
40.7966366 -73.9380568 40.8032682 -73.92804895
40.7701102 -73.9180411 40.7767418 -73.90803325
40.7767418 -73.94806465 40.7833734 -73.9380568
40.7369522 -74.0181196 40.7435838 -74.00811175
40.6971626 -74.0181196 40.7037942 -74.00811175
40.6971626 -73.94806465 40.7037942 -73.9380568
40.7435838 -73.90803325 40.7502154 -73.8980254
40.723689 -73.9780882 40.7303206 -73.96808035
40.7303206 -73.9780882 40.7369522 -73.96808035
40.7369522 -73.92804895 40.7435838 -73.9180411
40.7701102 -73.92804895 40.7767418 -73.9180411
40.8032682 -73.92804895 40.8098998 -73.9180411
40.790005 -73.9580725 40.7966366 -73.94806465
40.7369522 -73.9780882 40.7435838 -73.96808035
40.7170574 -73.9780882 40.723689 -73.96808035
40.7435838 -73.9180411 40.7502154 -73.90803325
40.7037942 -73.98809605 40.7104258 -73.9780882
40.6971626 -73.90803325 40.7037942 -73.8980254
40.7833734 -74.0181196 40.790005 -74.00811175
40.7435838 -73.92804895 40.7502154 -73.9180411
40.8032682 -73.9180411 40.8098998 -73.90803325
40.790005 -74.00811175 40.7966366 -73.9981039
40.723689 -74.0381353 40.7303206 -74.02812745
40.7502154 -73.8980254 40.756847 -73.88801755
40.7833734 -73.98809605 40.790005 -73.9780882
40.7701102 -73.9981039 40.7767418 -73.98809605
40.7303206 -74.0181196 40.7369522 -74.00811175
