40.75419436 -73.98609448 40.75949964 -73.9780882
40.75419436 -73.99410076 40.75949964 -73.98609448
40.75949964 -73.9780882 40.76480492 -73.97008192
40.74888908 -73.99410076 40.75419436 -73.98609448
40.75949964 -73.98609448 40.76480492 -73.9780882
40.7170574 -73.99410076 40.72236268 -73.98609448
40.73297324 -73.99410076 40.73827852 -73.98609448
40.73827852 -74.01011332 40.7435838 -74.00210704
40.72236268 -74.00210704 40.72766796 -73.99410076
40.72766796 -73.99410076 40.73297324 -73.98609448
40.7170574 -74.00210704 40.72236268 -73.99410076
40.73827852 -73.99410076 40.7435838 -73.98609448
40.7435838 -73.99410076 40.74888908 -73.98609448
40.72236268 -73.99410076 40.72766796 -73.98609448
40.7435838 -73.98609448 40.74888908 -73.9780882
40.74888908 -73.98609448 40.75419436 -73.9780882
40.7170574 -73.96207564 40.72236268 -73.95406936
40.74888908 -73.9780882 40.75419436 -73.97008192
40.72236268 -73.98609448 40.72766796 -73.9780882
40.75949964 -73.99410076 40.76480492 -73.98609448
40.76480492 -73.98609448 40.7701102 -73.9780882
40.75419436 -73.9780882 40.75949964 -73.97008192
40.72766796 -74.00210704 40.73297324 -73.99410076
40.73297324 -74.01011332 40.73827852 -74.00210704
40.72766796 -73.98609448 40.73297324 -73.9780882
40.72236268 -74.01011332 40.72766796 -74.00210704
40.71175212 -73.96207564 40.7170574 -73.95406936
40.7435838 -74.01011332 40.74888908 -74.00210704
40.73297324 -74.00210704 40.73827852 -73.99410076
40.73827852 -73.98609448 40.7435838 -73.9780882
40.73827852 -74.00210704 40.7435838 -73.99410076
40.75419436 -74.00210704 40.75949964 -73.99410076
40.70644684 -74.0181196 40.71175212 -74.01011332
40.72766796 -74.01011332 40.73297324 -74.00210704
40.7170574 -74.01011332 40.72236268 -74.00210704
40.78072076 -73.9780882 40.78602604 -73.97008192
40.7435838 -74.00210704 40.74888908 -73.99410076
40.75949964 -73.97008192 40.76480492 -73.96207564
40.7701102 -73.98609448 40.77541548 -73.9780882
40.7170574 -73.98609448 40.72236268 -73.9780882
40.70644684 -74.01011332 40.71175212 -74.00210704
40.74888908 -74.01011332 40.75419436 -74.00210704
40.70114156 -73.99410076 40.70644684 -73.98609448
40.73297324 -73.98609448 40.73827852 -73.9780882
40.74888908 -74.00210704 40.75419436 -73.99410076
40.75949964 -74.00210704 40.76480492 -73.99410076
40.71175212 -73.95406936 40.7170574 -73.94606308
40.75419436 -73.97008192 40.75949964 -73.96207564
40.71175212 -74.01011332 40.7170574 -74.00210704
40.76480492 -73.99410076 40.7701102 -73.98609448
40.70644684 -73.95406936 40.71175212 -73.94606308
40.76480492 -73.9780882 40.7701102 -73.97008192
40.7701102 -73.95406936 40.77541548 -73.94606308
40.7701102 -73.96207564 40.77541548 -73.95406936
40.70114156 -74.0181196 40.70644684 -74.01011332
40.70114156 -73.9380568 40.70644684 -73.93005052
40.77541548 -73.98609448 40.78072076 -73.9780882
40.71175212 -74.00210704 40.7170574 -73.99410076
40.78072076 -73.95406936 40.78602604 -73.94606308
40.7435838 -73.9780882 40.74888908 -73.97008192
40.78072076 -73.96207564 40.78602604 -73.95406936
40.77541548 -73.9780882 40.78072076 -73.97008192
40.77541548 -73.95406936 40.78072076 -73.94606308
40.71175212 -74.0181196 40.7170574 -74.01011332
40.70644684 -73.96207564 40.71175212 -73.95406936
40.72236268 -73.95406936 40.72766796 -73.94606308
40.71175212 -73.97008192 40.7170574 -73.96207564
40.70114156 -73.93005052 40.70644684 -73.92204424
40.78602604 -73.9780882 40.79133132 -73.97008192
40.7701102 -73.9780882 40.77541548 -73.97008192
40.75949964 -73.96207564 40.76480492 -73.95406936
40.77541548 -73.96207564 40.78072076 -73.95406936
40.71175212 -73.94606308 40.7170574 -73.9380568
40.71175212 -73.99410076 40.7170574 -73.98609448
40.76480492 -73.97008192 40.7701102 -73.96207564
40.77541548 -73.97008192 40.78072076 -73.96207564
40.70644684 -73.94606308 40.71175212 -73.9380568
40.78602604 -73.95406936 40.79133132 -73.94606308
40.70644684 -73.97008192 40.71175212 -73.96207564
40.7170574 -73.95406936 40.72236268 -73.94606308
40.76480492 -73.96207564 40.7701102 -73.95406936
40.80724716 -73.94606308 40.81255244 -73.9380568
40.7966366 -73.97008192 40.80194188 -73.96207564
40.75949964 -73.92204424 40.76480492 -73.91403796
40.80194188 -73.97008192 40.80724716 -73.96207564
40.7701102 -73.97008192 40.77541548 -73.96207564
40.78072076 -73.98609448 40.78602604 -73.9780882
40.79133132 -73.9780882 40.7966366 -73.97008192
40.79133132 -73.97008192 40.7966366 -73.96207564
40.70114156 -74.01011332 40.70644684 -74.00210704
40.72766796 -73.96207564 40.73297324 -73.95406936
40.80724716 -73.95406936 40.81255244 -73.94606308
40.78602604 -73.94606308 40.79133132 -73.9380568
40.75419436 -73.93005052 40.75949964 -73.92204424
40.79133132 -73.94606308 40.7966366 -73.9380568
40.7170574 -73.97008192 40.72236268 -73.96207564
40.75949964 -73.93005052 40.76480492 -73.92204424
40.7966366 -73.94606308 40.80194188 -73.9380568
40.73297324 -74.03413216 40.73827852 -74.02612588
40.7966366 -73.95406936 40.80194188 -73.94606308
40.7435838 -73.89001912 40.74888908 -73.88201284
40.7701102 -73.99410076 40.77541548 -73.98609448
40.70644684 -74.00210704 40.71175212 -73.99410076
40.70114156 -73.92204424 40.70644684 -73.91403796
40.70114156 -73.91403796 40.70644684 -73.90603168
40.80194188 -73.96207564 40.80724716 -73.95406936
40.80194188 -73.95406936 40.80724716 -73.94606308
40.72236268 -73.94606308 40.72766796 -73.9380568
40.70114156 -73.94606308 40.70644684 -73.9380568
40.7170574 -73.94606308 40.72236268 -73.9380568
40.76480492 -73.92204424 40.7701102 -73.91403796
40.7435838 -73.95406936 40.74888908 -73.94606308
40.75419436 -73.92204424 40.75949964 -73.91403796
40.7966366 -73.9380568 40.80194188 -73.93005052
40.69583628 -73.93005052 40.70114156 -73.92204424
40.73827852 -74.03413216 40.7435838 -74.02612588
40.70644684 -73.92204424 40.71175212 -73.91403796
40.7966366 -73.96207564 40.80194188 -73.95406936
40.7170574 -74.0181196 40.72236268 -74.01011332
40.7435838 -73.8980254 40.74888908 -73.89001912
40.7170574 -74.05014472 40.72236268 -74.04213844
40.72766796 -73.9780882 40.73297324 -73.97008192
40.72236268 -73.9780882 40.72766796 -73.97008192
40.74888908 -73.94606308 40.75419436 -73.9380568
40.76480492 -73.95406936 40.7701102 -73.94606308
40.73297324 -73.96207564 40.73827852 -73.95406936
40.7435838 -73.96207564 40.74888908 -73.95406936
40.7435838 -73.90603168 40.74888908 -73.8980254
40.70114156 -74.00210704 40.70644684 -73.99410076
40.80724716 -73.92204424 40.81255244 -73.91403796
40.73827852 -73.89001912 40.7435838 -73.88201284
40.73827852 -73.92204424 40.7435838 -73.91403796
40.76480492 -73.93005052 40.7701102 -73.92204424
40.7701102 -73.91403796 40.77541548 -73.90603168
40.74888908 -73.89001912 40.75419436 -73.88201284
40.80724716 -73.96207564 40.81255244 -73.95406936
40.79133132 -73.95406936 40.7966366 -73.94606308
40.71175212 -73.98609448 40.7170574 -73.9780882
40.7435838 -73.92204424 40.74888908 -73.91403796
40.7701102 -73.92204424 40.77541548 -73.91403796
40.76480492 -74.00210704 40.7701102 -73.99410076
40.75419436 -73.89001912 40.75949964 -73.88201284
40.74888908 -73.97008192 40.75419436 -73.96207564
40.69583628 -73.92204424 40.70114156 -73.91403796
40.73827852 -73.9780882 40.7435838 -73.97008192
40.70644684 -73.99410076 40.71175212 -73.98609448
40.70114156 -73.90603168 40.70644684 -73.8980254
40.73297324 -73.9780882 40.73827852 -73.97008192
40.7435838 -73.88201284 40.74888908 -73.87400656
40.74888908 -74.03413216 40.75419436 -74.02612588
40.78602604 -74.01011332 40.79133132 -74.00210704
40.74888908 -73.88201284 40.75419436 -73.87400656
40.72236268 -73.96207564 40.72766796 -73.95406936
40.70644684 -73.98609448 40.71175212 -73.9780882
40.72766796 -73.95406936 40.73297324 -73.94606308
40.78602604 -73.97008192 40.79133132 -73.96207564
40.73297324 -73.88201284 40.73827852 -73.87400656
40.76480492 -73.91403796 40.7701102 -73.90603168
40.72236268 -74.04213844 40.72766796 -74.03413216
40.75949964 -73.88201284 40.76480492 -73.87400656
40.80194188 -73.94606308 40.80724716 -73.9380568
40.70644684 -73.9380568 40.71175212 -73.93005052
40.7435838 -73.94606308 40.74888908 -73.9380568
40.71175212 -73.9780882 40.7170574 -73.97008192
40.7170574 -73.9780882 40.72236268 -73.97008192
40.79133132 -73.9380568 40.7966366 -73.93005052
40.69583628 -73.99410076 40.70114156 -73.98609448
40.75949964 -73.91403796 40.76480492 -73.90603168
40.75419436 -73.88201284 40.75949964 -73.87400656
40.70644684 -73.93005052 40.71175212 -73.92204424
40.77541548 -73.99410076 40.78072076 -73.98609448
40.73827852 -74.04213844 40.7435838 -74.03413216
40.75419436 -73.91403796 40.75949964 -73.90603168
40.69583628 -73.9380568 40.70114156 -73.93005052
40.77541548 -73.91403796 40.78072076 -73.90603168
40.80724716 -73.93005052 40.81255244 -73.92204424
40.7435838 -74.03413216 40.74888908 -74.02612588
40.73827852 -73.88201284 40.7435838 -73.87400656
40.78602604 -74.0181196 40.79133132 -74.01011332
40.7701102 -73.93005052 40.77541548 -73.92204424
40.74888908 -73.8980254 40.75419436 -73.89001912
40.69583628 -73.90603168 40.70114156 -73.8980254
40.7435838 -74.05014472 40.74888908 -74.04213844
40.7435838 -73.93005052 40.74888908 -73.92204424
40.69583628 -73.91403796 40.70114156 -73.90603168
40.78072076 -73.97008192 40.78602604 -73.96207564
40.80194188 -73.9380568 40.80724716 -73.93005052
40.70114156 -73.89001912 40.70644684 -73.88201284
