40.756847 -73.98209134 16089
40.756847 -73.99009762 15001
40.76215228 -73.97408506 12350
40.75154172 -73.99009762 12052
40.76215228 -73.98209134 11399
40.71971004 -73.99009762 10065
40.73562588 -73.99009762 9853
40.74093116 -74.00611018 9815
40.72501532 -73.9981039 9626
40.7303206 -73.99009762 9022
40.71971004 -73.9981039 8379
40.74093116 -73.99009762 8204
40.74623644 -73.99009762 8175
40.72501532 -73.99009762 7653
40.74623644 -73.98209134 7468
40.75154172 -73.98209134 7237
40.71971004 -73.9580725 6825
40.75154172 -73.97408506 6175
40.72501532 -73.98209134 6093
40.76215228 -73.99009762 6009
40.76745756 -73.98209134 5799
40.756847 -73.97408506 5769
40.7303206 -73.9981039 5681
40.73562588 -74.00611018 5365
40.7303206 -73.98209134 5325
40.72501532 -74.00611018 5014
40.71440476 -73.9580725 4918
40.74623644 -74.00611018 4896
40.73562588 -73.9981039 4767
40.74093116 -73.98209134 4609
40.74093116 -73.9981039 4582
40.756847 -73.9981039 4480
40.70909948 -74.01411646 4276
40.7303206 -74.00611018 4130
40.71971004 -74.00611018 4116
40.7833734 -73.97408506 3981
40.74623644 -73.9981039 3976
40.76215228 -73.96607878 3853
40.77276284 -73.98209134 3811
40.71971004 -73.98209134 3534
40.70909948 -74.00611018 3259
40.75154172 -74.00611018 3233
40.7037942 -73.99009762 3191
40.73562588 -73.98209134 3171
40.75154172 -73.9981039 3171
40.76215228 -73.9981039 3168
40.71440476 -73.95006622 3080
40.756847 -73.96607878 3063
40.71440476 -74.00611018 3052
40.76745756 -73.99009762 3012
40.70909948 -73.95006622 2969
40.76745756 -73.97408506 2698
40.77276284 -73.95006622 2586
40.77276284 -73.9580725 2554
40.7037942 -74.01411646 2519
40.7037942 -73.93405366 2438
40.77806812 -73.98209134 2401
40.71440476 -73.9981039 2368
40.7833734 -73.95006622 2339
40.74623644 -73.97408506 2312
40.7833734 -73.9580725 2265
40.77806812 -73.97408506 2203
40.77806812 -73.95006622 2193
40.71440476 -74.01411646 2151
40.70909948 -73.9580725 2104
40.72501532 -73.95006622 2079
40.71440476 -73.96607878 1987
40.7037942 -73.92604738 1975
40.78867868 -73.97408506 1965
40.77276284 -73.97408506 1960
40.76215228 -73.9580725 1953
40.77806812 -73.9580725 1849
40.71440476 -73.94205994 1842
40.71440476 -73.99009762 1774
40.76745756 -73.96607878 1740
40.77806812 -73.96607878 1735
40.70909948 -73.94205994 1712
40.78867868 -73.95006622 1685
40.70909948 -73.96607878 1645
40.71971004 -73.95006622 1610
40.76745756 -73.9580725 1598
40.8098998 -73.94205994 1586
40.79928924 -73.96607878 1583
40.76215228 -73.9180411 1579
40.80459452 -73.96607878 1562
40.77276284 -73.96607878 1545
40.7833734 -73.98209134 1526
40.79398396 -73.97408506 1514
40.79398396 -73.96607878 1490
40.7037942 -74.00611018 1480
40.7303206 -73.9580725 1476
40.8098998 -73.95006622 1438
40.78867868 -73.94205994 1374
40.756847 -73.92604738 1368
40.79398396 -73.94205994 1324
40.71971004 -73.96607878 1313
40.76215228 -73.92604738 1313
40.79928924 -73.94205994 1309
40.73562588 -74.03012902 1299
40.79928924 -73.95006622 1266
40.74623644 -73.88601598 1242
40.77276284 -73.99009762 1233
40.70909948 -73.9981039 1224
40.7037942 -73.9180411 1196
40.7037942 -73.91003482 1184
40.80459452 -73.9580725 1147
40.80459452 -73.95006622 1147
40.72501532 -73.94205994 1144
40.7037942 -73.94205994 1142
40.71971004 -73.94205994 1118
40.76745756 -73.9180411 1075
40.74623644 -73.95006622 1066
40.756847 -73.9180411 1063
40.79928924 -73.93405366 1063
40.69848892 -73.92604738 1051
40.74093116 -74.03012902 1049
40.70909948 -73.9180411 1045
40.79928924 -73.9580725 1033
40.71971004 -74.01411646 1015
40.74623644 -73.89402226 1015
40.71971004 -74.04614158 1007
40.7303206 -73.97408506 996
40.72501532 -73.97408506 979
40.75154172 -73.94205994 959
40.76745756 -73.95006622 958
40.73562588 -73.9580725 951
40.74623644 -73.9580725 925
40.74623644 -73.90202854 918
40.7037942 -73.9981039 907
40.8098998 -73.9180411 877
40.74093116 -73.88601598 872
40.74093116 -73.9180411 867
40.76745756 -73.92604738 863
40.77276284 -73.91003482 859
40.75154172 -73.88601598 851
40.8098998 -73.9580725 839
40.79398396 -73.95006622 835
40.71440476 -73.98209134 833
40.74623644 -73.9180411 829
40.77276284 -73.9180411 823
40.76745756 -73.9981039 820
40.756847 -73.88601598 819
40.75154172 -73.96607878 815
40.69848892 -73.9180411 811
40.74093116 -73.97408506 804
40.70909948 -73.99009762 799
40.7037942 -73.90202854 782
40.73562588 -73.97408506 778
40.74623644 -73.8780097 741
40.75154172 -74.03012902 735
40.78867868 -74.00611018 724
40.75154172 -73.8780097 723
40.72501532 -73.9580725 722
40.70909948 -73.98209134 713
40.7303206 -73.95006622 713
40.78867868 -73.96607878 713
40.73562588 -73.8780097 708
40.76745756 -73.91003482 707
40.72501532 -74.0381353 705
40.76215228 -73.8780097 700
40.80459452 -73.94205994 692
40.70909948 -73.93405366 688
40.74623644 -73.94205994 677
40.71440476 -73.97408506 675
40.71971004 -73.97408506 671
40.79398396 -73.93405366 666
40.69848892 -73.99009762 664
40.76215228 -73.91003482 642
40.756847 -73.8780097 639
40.70909948 -73.92604738 629
40.77806812 -73.99009762 620
40.74093116 -74.0381353 616
40.756847 -73.91003482 616
40.69848892 -73.93405366 612
40.77806812 -73.91003482 601
40.8098998 -73.92604738 595
40.74623644 -74.03012902 594
40.74093116 -73.8780097 577
40.78867868 -74.01411646 576
40.77276284 -73.92604738 570
40.75154172 -73.89402226 569
40.69848892 -73.90202854 566
40.74623644 -74.04614158 566
40.74623644 -73.92604738 565
40.69848892 -73.91003482 552
40.7833734 -73.96607878 550
40.80459452 -73.93405366 543
40.7037942 -73.88601598 542
40.75154172 -73.90202854 538
40.7833734 -74.01411646 535
40.7037942 -73.95006622 531
40.71971004 -74.0381353 528
40.72501532 -74.04614158 519
40.74623644 -74.0381353 518
40.76215228 -73.95006622 516
40.7037942 -73.98209134 508
40.74093116 -73.92604738 508
40.8098998 -73.93405366 505
40.77276284 -74.02212274 504
40.756847 -73.9580725 500
40.8098998 -73.96607878 499
40.756847 -73.93405366 496
40.77806812 -74.01411646 486
40.77276284 -74.03012902 482
40.69848892 -73.94205994 478
40.73562588 -73.88601598 476
40.78867868 -73.98209134 473
40.74093116 -73.95006622 468
40.76745756 -73.93405366 464
40.756847 -74.00611018 459
40.79398396 -74.00611018 453
40.74623644 -73.91003482 447
40.7037942 -73.89402226 435
40.76745756 -74.03012902 434
40.77806812 -73.9180411 431
40.72501532 -73.89402226 427
40.78867868 -74.04614158 427
40.74623644 -73.93405366 425
40.756847 -73.94205994 424
40.75154172 -73.93405366 423
40.76215228 -73.93405366 423
40.71440476 -74.0381353 419
40.7833734 -74.02212274 417
40.77276284 -73.90202854 414
40.76215228 -74.0381353 413
40.70909948 -73.89402226 411
40.69848892 -73.89402226 407
40.76215228 -73.90202854 404
40.76215228 -74.02212274 401
40.77806812 -73.94205994 398
40.76215228 -74.03012902 397
40.756847 -73.95006622 395
40.77276284 -73.93405366 395
40.72501532 -73.88601598 394
40.74093116 -74.04614158 392
40.756847 -73.89402226 388
40.76745756 -74.02212274 386
40.79398396 -74.02212274 386
40.74093116 -73.89402226 384
40.79928924 -73.97408506 383
40.77806812 -74.03012902 382
40.76215228 -74.04614158 381
40.69848892 -73.95006622 370
40.80459452 -73.9180411 370
40.75154172 -74.04614158 368
40.78867868 -74.02212274 366
40.71440476 -73.93405366 364
40.73562588 -74.0381353 362
40.77806812 -74.02212274 361
40.7833734 -73.94205994 358
40.7303206 -74.0381353 353
40.76215228 -73.88601598 351
40.70909948 -73.91003482 350
40.756847 -74.04614158 347
40.74093116 -73.90202854 337
40.73562588 -73.89402226 334
40.79928924 -74.00611018 328
40.7303206 -73.8780097 323
40.76215228 -73.89402226 319
40.70909948 -73.90202854 316
40.79398396 -73.9981039 315
40.71971004 -73.88601598 313
40.8098998 -73.91003482 310
40.73562588 -73.95006622 309
40.76745756 -73.8780097 309
40.76745756 -74.0381353 306
40.75154172 -73.91003482 304
40.79398396 -74.01411646 299
40.75154172 -73.95006622 298
40.69848892 -73.98209134 297
40.7833734 -73.91003482 297
40.756847 -74.0381353 284
40.756847 -73.90202854 284
40.7037942 -73.8780097 276
40.75154172 -74.02212274 276
40.7303206 -74.03012902 273
40.7303206 -73.88601598 273
40.71440476 -74.04614158 272
40.79928924 -74.01411646 271
40.78867868 -73.9580725 270
40.7833734 -74.03012902 268
40.8098998 -73.90202854 265
40.77276284 -74.0381353 262
40.8098998 -74.00611018 261
40.7833734 -74.00611018 254
40.71440476 -74.03012902 253
40.77276284 -74.01411646 252
40.71440476 -73.90202854 244
40.75154172 -73.92604738 244
40.76215228 -74.00611018 242
40.72501532 -74.01411646 241
40.73562588 -74.01411646 241
40.7303206 -74.04614158 234
40.7303206 -73.90202854 232
40.76745756 -73.90202854 231
40.756847 -74.03012902 223
40.80459452 -73.92604738 220
40.69848892 -73.9981039 219
40.75154172 -74.0381353 219
40.80459452 -74.01411646 219
40.73562588 -73.90202854 218
40.73562588 -73.9180411 217
40.7833734 -74.04614158 217
40.71440476 -73.91003482 215
40.70909948 -73.8780097 208
40.7303206 -74.01411646 207
40.74093116 -73.93405366 205
40.71971004 -73.90202854 201
40.7303206 -73.89402226 200
40.77276284 -73.94205994 200
40.7303206 -73.94205994 197
40.72501532 -74.03012902 195
40.71440476 -73.88601598 194
40.77806812 -73.92604738 194
40.74093116 -73.9580725 191
40.71971004 -74.03012902 190
40.76745756 -73.88601598 190
40.77806812 -73.90202854 190
40.76215228 -73.94205994 187
40.69848892 -73.88601598 186
40.8098998 -73.99009762 184
40.72501532 -73.90202854 182
40.73562588 -73.92604738 181
40.80459452 -73.91003482 181
40.80459452 -74.00611018 178
40.75154172 -73.9580725 177
40.7833734 -73.9180411 177
40.74623644 -74.02212274 173
40.79398396 -73.9580725 173
40.69848892 -74.01411646 172
40.72501532 -73.8780097 171
40.71440476 -73.9180411 167
40.77276284 -73.89402226 166
40.69848892 -73.97408506 164
40.79928924 -74.02212274 164
40.8098998 -74.01411646 164
40.72501532 -73.93405366 163
40.77276284 -73.8780097 162
40.74623644 -74.01411646 161
40.8098998 -73.9981039 156
40.74093116 -73.91003482 152
40.7037942 -73.96607878 148
40.73562588 -73.93405366 145
40.74093116 -73.94205994 143
40.77806812 -74.0381353 143
40.71971004 -73.8780097 141
40.71440476 -74.02212274 138
40.80459452 -73.99009762 138
40.78867868 -73.9981039 137
40.79928924 -73.9981039 137
40.76745756 -73.89402226 133
40.77276284 -73.9981039 133
40.75154172 -73.9180411 128
40.77806812 -73.9981039 128
40.72501532 -73.91003482 126
40.70909948 -74.0381353 124
40.76745756 -73.94205994 118
40.756847 -74.02212274 116
40.71440476 -73.8780097 112
40.7037942 -74.02212274 108
40.70909948 -74.02212274 107
40.77806812 -73.8780097 107
40.71971004 -73.91003482 102
40.78867868 -74.03012902 102
40.71971004 -73.89402226 99
40.73562588 -73.91003482 99
40.7303206 -73.92604738 98
40.79928924 -73.92604738 98
40.72501532 -74.05414786 93
40.74623644 -74.05414786 92
40.69848892 -73.9580725 90
40.74623644 -73.96607878 89
40.77276284 -73.88601598 86
40.76745756 -74.04614158 84
40.76215228 -74.01411646 81
40.80459452 -74.02212274 81
40.78867868 -73.93405366 77
40.7303206 -73.96607878 75
40.77806812 -74.00611018 72
40.73562588 -74.04614158 69
40.78867868 -73.92604738 68
40.75154172 -74.01411646 67
40.69848892 -73.96607878 66
40.7037942 -73.9580725 66
40.7833734 -73.99009762 66
40.79398396 -74.04614158 66
40.69848892 -74.00611018 65
40.79928924 -73.91003482 64
40.7833734 -74.0381353 63
40.79398396 -73.98209134 63
40.79398396 -73.92604738 63
40.74093116 -74.01411646 59
40.8098998 -73.98209134 59
40.71440476 -73.89402226 57
40.80459452 -73.9981039 57
40.7833734 -73.92604738 56
40.80459452 -73.97408506 53
40.71971004 -74.05414786 51
40.73562588 -73.96607878 51
40.77806812 -74.04614158 51
40.8098998 -73.89402226 50
40.70909948 -73.97408506 49
40.71971004 -74.02212274 47
40.80459452 -73.88601598 46
40.7303206 -73.91003482 44
40.79398396 -73.99009762 44
40.71971004 -73.93405366 43
40.7303206 -73.87000342 42
40.76745756 -74.00611018 42
40.7037942 -73.97408506 41
40.72501532 -74.02212274 40
40.73562588 -74.05414786 40
40.756847 -74.05414786 40
40.8098998 -73.88601598 40
40.8098998 -73.8780097 40
40.73562588 -73.87000342 37
40.79928924 -73.9180411 36
40.72501532 -73.96607878 34
40.70909948 -73.88601598 33
40.73562588 -74.02212274 33
40.73562588 -73.94205994 33
40.756847 -74.01411646 33
40.74093116 -73.96607878 32
40.756847 -73.87000342 31
40.69848892 -73.8780097 30
40.7303206 -73.93405366 30
40.79398396 -74.0381353 30
40.7833734 -73.9981039 28
40.80459452 -73.8780097 28
40.70909948 -73.87000342 27
40.77276284 -74.04614158 27
40.8098998 -73.97408506 27
40.71440476 -74.05414786 26
40.7303206 -73.9180411 26
40.80459452 -73.98209134 26
40.71440476 -73.92604738 25
40.74093116 -74.02212274 24
40.76215228 -74.05414786 24
40.79928924 -73.98209134 24
40.77806812 -73.89402226 23
40.79398396 -73.9180411 23
40.74093116 -74.05414786 22
40.76745756 -74.01411646 22
40.77806812 -73.93405366 22
40.78867868 -73.88601598 22
40.79928924 -74.04614158 22
40.70909948 -74.03012902 21
40.76215228 -73.87000342 21
40.72501532 -73.92604738 20
40.7303206 -74.02212274 20
40.74623644 -73.87000342 20
40.79398396 -74.05414786 19
40.75154172 -74.05414786 18
40.77276284 -74.00611018 18
40.77276284 -73.87000342 18
40.78867868 -74.0381353 18
40.77806812 -73.87000342 17
40.69848892 -74.0381353 16
40.75154172 -73.87000342 16
40.7833734 -73.93405366 16
40.7833734 -74.05414786 14
40.79398396 -74.03012902 14
40.7303206 -74.05414786 13
40.74093116 -73.87000342 13
40.80459452 -74.05414786 13
40.71971004 -73.9180411 12
40.7037942 -73.87000342 11
40.70909948 -74.04614158 11
40.71971004 -73.92604738 11
40.8098998 -74.04614158 11
40.79928924 -74.0381353 10
40.79928924 -73.99009762 10
40.8098998 -74.0381353 10
40.8098998 -74.02212274 9
40.69848892 -74.03012902 8
40.69848892 -74.02212274 8
40.77806812 -73.88601598 8
40.78867868 -73.9180411 8
40.80459452 -73.90202854 8
40.7037942 -74.03012902 7
40.71971004 -73.87000342 7
40.80459452 -74.04614158 7
40.80459452 -74.0381353 7
40.80459452 -74.03012902 7
40.77276284 -74.05414786 6
40.71440476 -73.87000342 5
40.72501532 -73.9180411 5
40.72501532 -73.87000342 5
40.78867868 -74.05414786 5
40.76745756 -73.87000342 4
40.77806812 -74.05414786 4
40.78867868 -73.8780097 4
40.79928924 -73.90202854 4
40.79928924 -73.8780097 4
40.7037942 -74.0381353 3
40.7833734 -73.8780097 3
40.79928924 -74.03012902 3
40.8098998 -74.03012902 3
40.78867868 -73.99009762 2
40.78867868 -73.89402226 2
40.79398396 -73.91003482 2
40.79398396 -73.88601598 2
40.69848892 -74.04614158 1
40.7037942 -74.04614158 1
40.70909948 -74.05414786 1
40.7833734 -73.90202854 1
40.7833734 -73.89402226 1
40.78867868 -73.91003482 1
40.78867868 -73.90202854 1
40.79398396 -73.89402226 1
40.79928924 -73.89402226 1
40.69318364 -74.05414786 0
40.69318364 -74.04614158 0
40.69318364 -74.0381353 0
40.69318364 -74.03012902 0
40.69318364 -74.02212274 0
40.69318364 -74.01411646 0
40.69318364 -74.00611018 0
40.69318364 -73.9981039 0
40.69318364 -73.99009762 0
40.69318364 -73.98209134 0
40.69318364 -73.97408506 0
40.69318364 -73.96607878 0
40.69318364 -73.9580725 0
40.69318364 -73.95006622 0
40.69318364 -73.94205994 0
40.69318364 -73.93405366 0
40.69318364 -73.92604738 0
40.69318364 -73.9180411 0
40.69318364 -73.91003482 0
40.69318364 -73.90202854 0
40.69318364 -73.89402226 0
40.69318364 -73.88601598 0
40.69318364 -73.8780097 0
40.69318364 -73.87000342 0
40.69318364 -73.86199714 0
40.69848892 -74.05414786 0
40.69848892 -73.87000342 0
40.69848892 -73.86199714 0
40.7037942 -74.05414786 0
40.7037942 -73.86199714 0
40.70909948 -73.86199714 0
40.71440476 -73.86199714 0
40.71971004 -73.86199714 0
40.72501532 -73.86199714 0
40.7303206 -73.86199714 0
40.73562588 -73.86199714 0
40.74093116 -73.86199714 0
40.74623644 -73.86199714 0
40.75154172 -73.86199714 0
40.756847 -73.86199714 0
40.76215228 -73.86199714 0
40.76745756 -74.05414786 0
40.76745756 -73.86199714 0
40.77276284 -73.86199714 0
40.77806812 -73.86199714 0
40.7833734 -73.88601598 0
40.7833734 -73.87000342 0
40.7833734 -73.86199714 0
40.78867868 -73.87000342 0
40.78867868 -73.86199714 0
40.79398396 -73.90202854 0
40.79398396 -73.8780097 0
40.79398396 -73.87000342 0
40.79398396 -73.86199714 0
40.79928924 -74.05414786 0
40.79928924 -73.88601598 0
40.79928924 -73.87000342 0
40.79928924 -73.86199714 0
40.80459452 -73.89402226 0
40.80459452 -73.87000342 0
40.80459452 -73.86199714 0
40.8098998 -74.05414786 0
40.8098998 -73.87000342 0
40.8098998 -73.86199714 0
40.81520508 -74.05414786 0
40.81520508 -74.04614158 0
40.81520508 -74.0381353 0
40.81520508 -74.03012902 0
40.81520508 -74.02212274 0
40.81520508 -74.01411646 0
40.81520508 -74.00611018 0
40.81520508 -73.9981039 0
40.81520508 -73.99009762 0
40.81520508 -73.98209134 0
40.81520508 -73.97408506 0
40.81520508 -73.96607878 0
40.81520508 -73.9580725 0
40.81520508 -73.95006622 0
40.81520508 -73.94205994 0
40.81520508 -73.93405366 0
40.81520508 -73.92604738 0
40.81520508 -73.9180411 0
40.81520508 -73.91003482 0
40.81520508 -73.90202854 0
40.81520508 -73.89402226 0
40.81520508 -73.88601598 0
40.81520508 -73.8780097 0
40.81520508 -73.87000342 0
40.81520508 -73.86199714 0
40.82051036 -74.05414786 0
40.82051036 -74.04614158 0
40.82051036 -74.0381353 0
40.82051036 -74.03012902 0
40.82051036 -74.02212274 0
40.82051036 -74.01411646 0
40.82051036 -74.00611018 0
40.82051036 -73.9981039 0
40.82051036 -73.99009762 0
40.82051036 -73.98209134 0
40.82051036 -73.97408506 0
40.82051036 -73.96607878 0
40.82051036 -73.9580725 0
40.82051036 -73.95006622 0
40.82051036 -73.94205994 0
40.82051036 -73.93405366 0
40.82051036 -73.92604738 0
40.82051036 -73.9180411 0
40.82051036 -73.91003482 0
40.82051036 -73.90202854 0
40.82051036 -73.89402226 0
40.82051036 -73.88601598 0
40.82051036 -73.8780097 0
40.82051036 -73.87000342 0
40.82051036 -73.86199714 0
