0.0,83.0
0.0416666666667,83.0
0.0833333333333,57.0
0.125,73.0
0.166666666667,59.0
0.208333333333,38.0
0.25,22.0
0.291666666667,12.0
0.333333333333,8.0
0.375,8.0
0.416666666667,8.0
0.458333333333,15.0
0.5,32.0
0.541666666667,38.0
0.583333333333,99.0
0.625,132.0
0.666666666667,181.0
0.708333333333,169.0
0.75,110.0
0.791666666667,113.0
0.833333333333,116.0
0.875,81.0
0.916666666667,105.0
0.958333333333,91.0
1.0,64.0
1.04166666667,62.0
1.08333333333,59.0
1.125,45.0
1.16666666667,35.0
1.20833333333,38.0
1.25,14.0
1.29166666667,9.0
1.33333333333,8.0
1.375,6.0
1.41666666667,4.0
1.45833333333,7.0
1.5,13.0
1.54166666667,24.0
1.58333333333,28.0
1.625,68.0
1.66666666667,76.0
1.70833333333,108.0
1.75,130.0
1.79166666667,131.0
1.83333333333,146.0
1.875,167.0
1.91666666667,159.0
1.95833333333,152.0
2.0,112.0
2.04166666667,92.0
2.08333333333,76.0
2.125,57.0
2.16666666667,58.0
2.20833333333,42.0
2.25,32.0
2.29166666667,14.0
2.33333333333,9.0
2.375,8.0
2.41666666667,7.0
2.45833333333,1.0
2.5,8.0
2.54166666667,15.0
2.58333333333,43.0
2.625,37.0
2.66666666667,88.0
2.70833333333,113.0
2.75,114.0
2.79166666667,118.0
2.83333333333,135.0
2.875,164.0
2.91666666667,133.0
2.95833333333,94.0
3.0,91.0
3.04166666667,59.0
3.08333333333,72.0
3.125,56.0
3.16666666667,68.0
3.20833333333,51.0
3.25,32.0
3.29166666667,16.0
3.33333333333,13.0
3.375,11.0
3.41666666667,5.0
3.45833333333,6.0
3.5,10.0
3.54166666667,20.0
3.58333333333,32.0
3.625,31.0
3.66666666667,65.0
3.70833333333,81.0
3.75,88.0
3.79166666667,109.0
3.83333333333,98.0
3.875,101.0
3.91666666667,95.0
3.95833333333,79.0
4.0,59.0
4.04166666667,58.0
4.08333333333,57.0
4.125,58.0
4.16666666667,41.0
4.20833333333,22.0
4.25,20.0
4.29166666667,11.0
4.33333333333,9.0
4.375,3.0
4.41666666667,2.0
4.45833333333,1.0
4.5,9.0
4.54166666667,23.0
4.58333333333,43.0
4.625,33.0
4.66666666667,53.0
4.70833333333,84.0
4.75,68.0
4.79166666667,87.0
4.83333333333,102.0
4.875,67.0
4.91666666667,65.0
4.95833333333,79.0
5.0,71.0
5.04166666667,58.0
5.08333333333,60.0
5.125,60.0
5.16666666667,36.0
5.20833333333,26.0
5.25,17.0
5.29166666667,9.0
5.33333333333,4.0
5.375,2.0
5.41666666667,2.0
5.45833333333,3.0
5.5,9.0
5.54166666667,13.0
5.58333333333,35.0
5.625,28.0
5.66666666667,46.0
5.70833333333,42.0
5.75,59.0
5.79166666667,58.0
5.83333333333,48.0
5.875,63.0
5.91666666667,55.0
5.95833333333,57.0
6.0,60.0
6.04166666667,66.0
6.08333333333,55.0
6.125,32.0
6.16666666667,28.0
6.20833333333,27.0
6.25,14.0
6.29166666667,7.0
6.33333333333,4.0
6.375,4.0
6.41666666667,2.0
6.45833333333,5.0
6.5,5.0
6.54166666667,31.0
6.58333333333,46.0
6.625,56.0
6.66666666667,65.0
6.70833333333,63.0
6.75,74.0
6.79166666667,81.0
6.83333333333,90.0
6.875,77.0
6.91666666667,82.0
6.95833333333,65.0
7.0,92.0
7.04166666667,73.0
7.08333333333,63.0
7.125,60.0
7.16666666667,49.0
7.20833333333,31.0
7.25,21.0
7.29166666667,6.0
7.33333333333,6.0
7.375,3.0
7.41666666667,2.0
7.45833333333,8.0
7.5,6.0
7.54166666667,29.0
7.58333333333,48.0
7.625,45.0
7.66666666667,48.0
7.70833333333,79.0
7.75,83.0
7.79166666667,98.0
7.83333333333,92.0
7.875,95.0
7.91666666667,92.0
7.95833333333,106.0
8.0,108.0
8.04166666667,95.0
8.08333333333,74.0
8.125,77.0
8.16666666667,63.0
8.20833333333,33.0
8.25,28.0
8.29166666667,14.0
8.33333333333,12.0
8.375,2.0
8.41666666667,3.0
8.45833333333,9.0
8.5,17.0
8.54166666667,32.0
8.58333333333,49.0
8.625,59.0
8.66666666667,85.0
8.70833333333,83.0
8.75,84.0
8.79166666667,127.0
8.83333333333,110.0
8.875,133.0
8.91666666667,122.0
8.95833333333,133.0
9.0,97.0
9.04166666667,89.0
9.08333333333,71.0
9.125,76.0
9.16666666667,68.0
9.20833333333,52.0
9.25,27.0
9.29166666667,20.0
9.33333333333,14.0
9.375,10.0
9.41666666667,4.0
9.45833333333,7.0
9.5,13.0
9.54166666667,32.0
9.58333333333,19.0
9.625,48.0
9.66666666667,75.0
9.70833333333,99.0
9.75,122.0
9.79166666667,132.0
9.83333333333,165.0
9.875,135.0
9.91666666667,161.0
9.95833333333,135.0
10.0,120.0
10.0416666667,107.0
10.0833333333,95.0
10.125,110.0
10.1666666667,78.0
10.2083333333,73.0
10.25,33.0
10.2916666667,24.0
10.3333333333,12.0
10.375,8.0
10.4166666667,5.0
10.4583333333,9.0
10.5,15.0
10.5416666667,19.0
10.5833333333,29.0
10.625,41.0
10.6666666667,60.0
10.7083333333,92.0
10.75,106.0
10.7916666667,127.0
10.8333333333,147.0
10.875,136.0
10.9166666667,126.0
10.9583333333,125.0
11.0,100.0
11.0416666667,83.0
11.0833333333,75.0
11.125,63.0
11.1666666667,49.0
11.2083333333,43.0
11.25,18.0
11.2916666667,3.0
11.3333333333,5.0
11.375,9.0
11.4166666667,6.0
11.4583333333,6.0
11.5,21.0
11.5416666667,28.0
11.5833333333,41.0
11.625,45.0
11.6666666667,67.0
11.7083333333,68.0
11.75,77.0
11.7916666667,108.0
11.8333333333,88.0
11.875,115.0
11.9166666667,114.0
11.9583333333,80.0
12.0,83.0
12.0416666667,63.0
12.0833333333,84.0
12.125,63.0
12.1666666667,47.0
12.2083333333,30.0
12.25,19.0
12.2916666667,8.0
12.3333333333,3.0
12.375,6.0
12.4166666667,5.0
12.4583333333,8.0
12.5,9.0
12.5416666667,24.0
12.5833333333,27.0
12.625,nan
12.6666666667,nan
12.7083333333,nan
12.75,nan
12.7916666667,nan
12.8333333333,nan
12.875,nan
12.9166666667,nan
12.9583333333,nan
13.0,nan
13.0416666667,nan
13.0833333333,nan
13.125,nan
13.1666666667,nan
13.2083333333,9.0
13.25,3.0
13.2916666667,2.0
13.3333333333,nan
13.375,2.0
13.4166666667,nan
13.4583333333,5.0
13.5,9.0
13.5416666667,17.0
13.5833333333,17.0
13.625,23.0
13.6666666667,38.0
13.7083333333,27.0
13.75,34.0
13.7916666667,41.0
13.8333333333,44.0
13.875,28.0
13.9166666667,45.0
13.9583333333,39.0
