0.0,2.0
0.0416666666667,11.0
0.0833333333333,19.0
0.125,15.0
0.166666666667,20.0
0.208333333333,31.0
0.25,21.0
0.291666666667,12.0
0.333333333333,21.0
0.375,16.0
0.416666666667,21.0
0.458333333333,36.0
0.5,38.0
0.541666666667,30.0
0.583333333333,36.0
0.625,20.0
0.666666666667,19.0
0.708333333333,8.0
0.75,10.0
0.791666666667,1.0
0.833333333333,2.0
0.875,nan
0.916666666667,2.0
0.958333333333,7.0
1.0,11.0
1.04166666667,20.0
1.08333333333,15.0
1.125,20.0
1.16666666667,22.0
1.20833333333,32.0
1.25,18.0
1.29166666667,18.0
1.33333333333,31.0
1.375,20.0
1.41666666667,29.0
1.45833333333,38.0
1.5,30.0
1.54166666667,37.0
1.58333333333,28.0
1.625,22.0
1.66666666667,14.0
1.70833333333,12.0
1.75,5.0
1.79166666667,5.0
1.83333333333,1.0
1.875,1.0
1.91666666667,4.0
1.95833333333,4.0
2.0,7.0
2.04166666667,13.0
2.08333333333,12.0
2.125,17.0
2.16666666667,15.0
2.20833333333,18.0
2.25,35.0
2.29166666667,28.0
2.33333333333,26.0
2.375,17.0
2.41666666667,28.0
2.45833333333,25.0
2.5,25.0
2.54166666667,18.0
2.58333333333,15.0
2.625,11.0
2.66666666667,9.0
2.70833333333,3.0
2.75,4.0
2.79166666667,5.0
2.83333333333,1.0
2.875,2.0
2.91666666667,2.0
2.95833333333,3.0
3.0,6.0
3.04166666667,8.0
3.08333333333,12.0
3.125,18.0
3.16666666667,23.0
3.20833333333,16.0
3.25,25.0
3.29166666667,31.0
3.33333333333,22.0
3.375,20.0
3.41666666667,18.0
3.45833333333,30.0
3.5,29.0
3.54166666667,24.0
3.58333333333,21.0
3.625,17.0
3.66666666667,20.0
3.70833333333,7.0
3.75,7.0
3.79166666667,5.0
3.83333333333,1.0
3.875,2.0
3.91666666667,nan
3.95833333333,7.0
4.0,5.0
4.04166666667,8.0
4.08333333333,16.0
4.125,25.0
4.16666666667,28.0
4.20833333333,35.0
4.25,36.0
4.29166666667,35.0
4.33333333333,32.0
4.375,31.0
4.41666666667,31.0
4.45833333333,38.0
4.5,25.0
4.54166666667,40.0
4.58333333333,38.0
4.625,32.0
4.66666666667,22.0
4.70833333333,17.0
4.75,14.0
4.79166666667,4.0
4.83333333333,2.0
4.875,2.0
4.91666666667,2.0
4.95833333333,2.0
5.0,11.0
5.04166666667,14.0
5.08333333333,22.0
5.125,20.0
5.16666666667,36.0
5.20833333333,29.0
5.25,32.0
5.29166666667,36.0
5.33333333333,26.0
5.375,22.0
5.41666666667,24.0
5.45833333333,26.0
5.5,19.0
5.54166666667,29.0
5.58333333333,19.0
5.625,15.0
5.66666666667,7.0
5.70833333333,5.0
5.75,2.0
5.79166666667,nan
5.83333333333,1.0
5.875,nan
5.91666666667,3.0
5.95833333333,5.0
6.0,9.0
6.04166666667,13.0
6.08333333333,13.0
6.125,8.0
6.16666666667,14.0
6.20833333333,17.0
6.25,17.0
6.29166666667,20.0
6.33333333333,17.0
6.375,17.0
6.41666666667,22.0
6.45833333333,35.0
6.5,31.0
6.54166666667,31.0
6.58333333333,23.0
6.625,22.0
6.66666666667,14.0
6.70833333333,1.0
6.75,2.0
6.79166666667,3.0
6.83333333333,1.0
6.875,1.0
6.91666666667,1.0
6.95833333333,8.0
7.0,13.0
7.04166666667,9.0
7.08333333333,14.0
7.125,16.0
7.16666666667,16.0
7.20833333333,16.0
7.25,16.0
7.29166666667,9.0
7.33333333333,16.0
7.375,33.0
7.41666666667,43.0
7.45833333333,34.0
7.5,44.0
7.54166666667,31.0
7.58333333333,23.0
7.625,21.0
7.66666666667,8.0
7.70833333333,9.0
7.75,2.0
7.79166666667,1.0
7.83333333333,2.0
7.875,1.0
7.91666666667,2.0
7.95833333333,4.0
8.0,11.0
8.04166666667,16.0
8.08333333333,11.0
8.125,18.0
8.16666666667,21.0
8.20833333333,23.0
8.25,33.0
8.29166666667,27.0
8.33333333333,26.0
8.375,25.0
8.41666666667,27.0
8.45833333333,44.0
8.5,34.0
8.54166666667,37.0
8.58333333333,36.0
8.625,23.0
8.66666666667,15.0
8.70833333333,5.0
8.75,9.0
8.79166666667,1.0
8.83333333333,nan
8.875,nan
8.91666666667,9.0
8.95833333333,8.0
9.0,15.0
9.04166666667,10.0
9.08333333333,19.0
9.125,22.0
9.16666666667,25.0
9.20833333333,32.0
9.25,25.0
9.29166666667,19.0
9.33333333333,16.0
9.375,22.0
9.41666666667,31.0
9.45833333333,57.0
9.5,41.0
9.54166666667,50.0
9.58333333333,48.0
9.625,32.0
9.66666666667,15.0
9.70833333333,6.0
9.75,7.0
9.79166666667,4.0
9.83333333333,1.0
9.875,4.0
9.91666666667,2.0
9.95833333333,11.0
10.0,16.0
10.0416666667,11.0
10.0833333333,10.0
10.125,20.0
10.1666666667,18.0
10.2083333333,31.0
10.25,26.0
10.2916666667,28.0
10.3333333333,26.0
10.375,45.0
