0.0,1.0
0.0416666666667,nan
0.0833333333333,nan
0.125,nan
0.166666666667,nan
0.208333333333,nan
0.25,nan
0.291666666667,nan
0.333333333333,nan
0.375,nan
0.416666666667,nan
0.458333333333,nan
0.5,nan
0.541666666667,nan
0.583333333333,8.0
0.625,22.0
0.666666666667,25.0
0.708333333333,19.0
0.75,38.0
0.791666666667,35.0
0.833333333333,34.0
0.875,29.0
0.916666666667,23.0
0.958333333333,47.0
1.0,46.0
1.04166666667,52.0
1.08333333333,42.0
1.125,17.0
1.16666666667,20.0
1.20833333333,16.0
1.25,11.0
1.29166666667,5.0
1.33333333333,2.0
1.375,1.0
1.41666666667,2.0
1.45833333333,nan
1.5,6.0
1.54166666667,10.0
1.58333333333,18.0
1.625,24.0
1.66666666667,18.0
1.70833333333,26.0
1.75,36.0
1.79166666667,38.0
1.83333333333,43.0
1.875,41.0
1.91666666667,26.0
1.95833333333,31.0
2.0,39.0
2.04166666667,36.0
2.08333333333,26.0
2.125,26.0
2.16666666667,24.0
2.20833333333,13.0
2.25,10.0
2.29166666667,9.0
2.33333333333,4.0
2.375,3.0
2.41666666667,2.0
2.45833333333,2.0
2.5,3.0
2.54166666667,2.0
2.58333333333,8.0
2.625,9.0
2.66666666667,13.0
2.70833333333,18.0
2.75,18.0
2.79166666667,29.0
2.83333333333,26.0
2.875,37.0
2.91666666667,22.0
2.95833333333,27.0
3.0,34.0
3.04166666667,23.0
3.08333333333,12.0
3.125,19.0
3.16666666667,11.0
3.20833333333,5.0
3.25,2.0
3.29166666667,4.0
3.33333333333,2.0
3.375,4.0
3.41666666667,4.0
3.45833333333,6.0
3.5,4.0
3.54166666667,4.0
3.58333333333,6.0
3.625,12.0
3.66666666667,18.0
3.70833333333,27.0
3.75,39.0
3.79166666667,38.0
3.83333333333,52.0
3.875,63.0
3.91666666667,49.0
3.95833333333,40.0
4.0,30.0
4.04166666667,28.0
4.08333333333,32.0
4.125,25.0
4.16666666667,28.0
4.20833333333,30.0
4.25,13.0
4.29166666667,14.0
4.33333333333,10.0
4.375,2.0
4.41666666667,1.0
4.45833333333,1.0
4.5,3.0
4.54166666667,5.0
4.58333333333,8.0
4.625,16.0
4.66666666667,21.0
4.70833333333,34.0
4.75,57.0
4.79166666667,43.0
4.83333333333,70.0
4.875,65.0
4.91666666667,53.0
4.95833333333,32.0
5.0,45.0
5.04166666667,27.0
5.08333333333,35.0
5.125,30.0
5.16666666667,14.0
5.20833333333,23.0
5.25,21.0
5.29166666667,14.0
5.33333333333,12.0
5.375,5.0
5.41666666667,1.0
5.45833333333,3.0
5.5,5.0
5.54166666667,4.0
5.58333333333,9.0
5.625,24.0
5.66666666667,22.0
5.70833333333,29.0
5.75,26.0
5.79166666667,26.0
5.83333333333,36.0
5.875,36.0
5.91666666667,28.0
5.95833333333,41.0
6.0,22.0
6.04166666667,20.0
6.08333333333,22.0
6.125,18.0
6.16666666667,14.0
6.20833333333,13.0
6.25,7.0
6.29166666667,3.0
6.33333333333,2.0
6.375,1.0
6.41666666667,1.0
6.45833333333,nan
6.5,3.0
6.54166666667,7.0
6.58333333333,14.0
6.625,15.0
6.66666666667,22.0
6.70833333333,19.0
6.75,28.0
6.79166666667,25.0
6.83333333333,37.0
6.875,34.0
6.91666666667,29.0
6.95833333333,31.0
7.0,24.0
7.04166666667,26.0
7.08333333333,27.0
7.125,20.0
7.16666666667,15.0
7.20833333333,13.0
7.25,9.0
7.29166666667,5.0
7.33333333333,1.0
7.375,1.0
7.41666666667,nan
7.45833333333,3.0
7.5,6.0
7.54166666667,12.0
7.58333333333,11.0
7.625,19.0
7.66666666667,28.0
7.70833333333,27.0
7.75,21.0
7.79166666667,29.0
7.83333333333,22.0
7.875,32.0
7.91666666667,33.0
7.95833333333,36.0
8.0,33.0
8.04166666667,39.0
8.08333333333,33.0
8.125,26.0
8.16666666667,27.0
8.20833333333,18.0
8.25,6.0
8.29166666667,5.0
8.33333333333,1.0
8.375,2.0
8.41666666667,3.0
8.45833333333,2.0
8.5,4.0
8.54166666667,3.0
8.58333333333,13.0
8.625,21.0
8.66666666667,22.0
8.70833333333,21.0
8.75,35.0
8.79166666667,26.0
8.83333333333,32.0
8.875,28.0
8.91666666667,25.0
8.95833333333,29.0
9.0,31.0
9.04166666667,43.0
9.08333333333,31.0
9.125,29.0
9.16666666667,27.0
9.20833333333,19.0
9.25,16.0
9.29166666667,8.0
9.33333333333,10.0
9.375,3.0
9.41666666667,1.0
9.45833333333,4.0
9.5,6.0
9.54166666667,11.0
9.58333333333,16.0
9.625,17.0
9.66666666667,17.0
9.70833333333,26.0
9.75,41.0
9.79166666667,37.0
9.83333333333,36.0
9.875,30.0
9.91666666667,29.0
9.95833333333,43.0
10.0,46.0
10.0416666667,40.0
10.0833333333,44.0
10.125,31.0
10.1666666667,26.0
10.2083333333,23.0
10.25,19.0
10.2916666667,14.0
10.3333333333,6.0
10.375,2.0
10.4166666667,2.0
10.4583333333,3.0
10.5,10.0
10.5416666667,11.0
10.5833333333,24.0
10.625,17.0
10.6666666667,23.0
10.7083333333,31.0
10.75,49.0
10.7916666667,46.0
10.8333333333,48.0
10.875,47.0
10.9166666667,54.0
10.9583333333,43.0
11.0,37.0
11.0416666667,36.0
11.0833333333,50.0
11.125,46.0
11.1666666667,45.0
11.2083333333,38.0
11.25,31.0
11.2916666667,17.0
11.3333333333,16.0
11.375,8.0
11.4166666667,2.0
11.4583333333,4.0
11.5,2.0
11.5416666667,6.0
11.5833333333,16.0
11.625,22.0
11.6666666667,33.0
11.7083333333,30.0
11.75,53.0
11.7916666667,51.0
11.8333333333,58.0
11.875,59.0
11.9166666667,54.0
11.9583333333,50.0
12.0,46.0
12.0416666667,56.0
12.0833333333,43.0
12.125,42.0
12.1666666667,51.0
12.2083333333,42.0
12.25,30.0
12.2916666667,26.0
12.3333333333,15.0
12.375,7.0
12.4166666667,3.0
12.4583333333,3.0
12.5,3.0
12.5416666667,9.0
12.5833333333,14.0
12.625,17.0
12.6666666667,32.0
12.7083333333,51.0
12.75,53.0
12.7916666667,49.0
12.8333333333,54.0
12.875,61.0
12.9166666667,42.0
12.9583333333,47.0
13.0,55.0
13.0416666667,43.0
13.0833333333,47.0
13.125,29.0
13.1666666667,23.0
13.2083333333,20.0
13.25,9.0
13.2916666667,18.0
13.3333333333,4.0
13.375,1.0
13.4166666667,nan
13.4583333333,nan
13.5,10.0
13.5416666667,16.0
13.5833333333,15.0
13.625,17.0
13.6666666667,26.0
13.7083333333,28.0
13.75,35.0
13.7916666667,44.0
13.8333333333,30.0
13.875,44.0
13.9166666667,41.0
13.9583333333,31.0
