0.0,64.0
0.0416666666667,54.0
0.0833333333333,50.0
0.125,39.0
0.166666666667,40.0
0.208333333333,30.0
0.25,21.0
0.291666666667,11.0
0.333333333333,9.0
0.375,5.0
0.416666666667,1.0
0.458333333333,nan
0.5,nan
0.541666666667,8.0
0.583333333333,19.0
0.625,15.0
0.666666666667,28.0
0.708333333333,34.0
0.75,37.0
0.791666666667,35.0
0.833333333333,34.0
0.875,40.0
0.916666666667,44.0
0.958333333333,46.0
1.0,37.0
1.04166666667,50.0
1.08333333333,55.0
1.125,46.0
1.16666666667,73.0
1.20833333333,62.0
1.25,58.0
1.29166666667,27.0
1.33333333333,20.0
1.375,13.0
1.41666666667,5.0
1.45833333333,4.0
1.5,4.0
1.54166666667,12.0
1.58333333333,16.0
1.625,19.0
1.66666666667,25.0
1.70833333333,40.0
1.75,48.0
1.79166666667,51.0
1.83333333333,62.0
1.875,58.0
1.91666666667,57.0
1.95833333333,53.0
2.0,57.0
2.04166666667,65.0
2.08333333333,64.0
2.125,79.0
2.16666666667,71.0
2.20833333333,86.0
2.25,57.0
2.29166666667,41.0
2.33333333333,35.0
2.375,13.0
2.41666666667,5.0
2.45833333333,2.0
2.5,6.0
2.54166666667,6.0
2.58333333333,12.0
2.625,25.0
2.66666666667,43.0
2.70833333333,37.0
2.75,57.0
2.79166666667,76.0
2.83333333333,53.0
2.875,57.0
2.91666666667,48.0
2.95833333333,59.0
3.0,57.0
3.04166666667,45.0
3.08333333333,47.0
3.125,59.0
3.16666666667,42.0
3.20833333333,34.0
3.25,15.0
3.29166666667,8.0
3.33333333333,8.0
3.375,1.0
3.41666666667,1.0
3.45833333333,4.0
3.5,3.0
3.54166666667,6.0
3.58333333333,13.0
3.625,14.0
3.66666666667,21.0
3.70833333333,24.0
3.75,26.0
3.79166666667,32.0
3.83333333333,28.0
3.875,30.0
3.91666666667,27.0
3.95833333333,23.0
4.0,30.0
4.04166666667,48.0
4.08333333333,64.0
4.125,74.0
4.16666666667,53.0
4.20833333333,38.0
4.25,18.0
4.29166666667,4.0
4.33333333333,4.0
4.375,5.0
4.41666666667,1.0
4.45833333333,1.0
4.5,13.0
4.54166666667,10.0
4.58333333333,21.0
4.625,17.0
4.66666666667,28.0
4.70833333333,25.0
4.75,19.0
4.79166666667,21.0
4.83333333333,35.0
4.875,25.0
4.91666666667,38.0
4.95833333333,60.0
5.0,43.0
5.04166666667,53.0
5.08333333333,71.0
5.125,68.0
5.16666666667,59.0
5.20833333333,45.0
5.25,24.0
5.29166666667,13.0
5.33333333333,8.0
5.375,4.0
5.41666666667,5.0
5.45833333333,4.0
5.5,3.0
5.54166666667,10.0
5.58333333333,20.0
5.625,16.0
5.66666666667,26.0
5.70833333333,24.0
5.75,29.0
5.79166666667,26.0
5.83333333333,37.0
5.875,29.0
5.91666666667,38.0
5.95833333333,43.0
6.0,52.0
6.04166666667,85.0
6.08333333333,74.0
6.125,77.0
6.16666666667,67.0
6.20833333333,52.0
6.25,21.0
6.29166666667,11.0
6.33333333333,11.0
6.375,1.0
6.41666666667,1.0
6.45833333333,2.0
6.5,10.0
6.54166666667,15.0
6.58333333333,24.0
6.625,31.0
6.66666666667,24.0
6.70833333333,29.0
6.75,41.0
6.79166666667,31.0
6.83333333333,37.0
6.875,28.0
6.91666666667,44.0
6.95833333333,46.0
7.0,96.0
7.04166666667,103.0
7.08333333333,100.0
7.125,77.0
7.16666666667,88.0
7.20833333333,74.0
7.25,59.0
7.29166666667,26.0
7.33333333333,11.0
7.375,1.0
7.41666666667,6.0
7.45833333333,4.0
7.5,4.0
7.54166666667,23.0
7.58333333333,20.0
7.625,30.0
7.66666666667,32.0
7.70833333333,37.0
7.75,37.0
7.79166666667,32.0
7.83333333333,32.0
7.875,44.0
7.91666666667,41.0
7.95833333333,65.0
8.0,84.0
8.04166666667,86.0
8.08333333333,101.0
8.125,109.0
8.16666666667,129.0
8.20833333333,126.0
8.25,103.0
8.29166666667,74.0
8.33333333333,45.0
8.375,23.0
8.41666666667,3.0
8.45833333333,9.0
8.5,7.0
8.54166666667,5.0
8.58333333333,26.0
8.625,38.0
8.66666666667,45.0
8.70833333333,67.0
8.75,78.0
8.79166666667,78.0
8.83333333333,76.0
8.875,65.0
8.91666666667,74.0
8.95833333333,76.0
9.0,99.0
9.04166666667,83.0
9.08333333333,88.0
9.125,112.0
9.16666666667,95.0
9.20833333333,105.0
9.25,86.0
9.29166666667,64.0
9.33333333333,44.0
9.375,19.0
9.41666666667,11.0
9.45833333333,6.0
9.5,15.0
9.54166666667,14.0
9.58333333333,29.0
9.625,35.0
9.66666666667,45.0
9.70833333333,77.0
9.75,79.0
9.79166666667,96.0
9.83333333333,103.0
9.875,68.0
9.91666666667,71.0
9.95833333333,88.0
10.0,73.0
10.0416666667,84.0
10.0833333333,65.0
10.125,67.0
10.1666666667,57.0
10.2083333333,47.0
10.25,33.0
10.2916666667,15.0
10.3333333333,9.0
10.375,3.0
10.4166666667,2.0
10.4583333333,3.0
10.5,11.0
10.5416666667,12.0
10.5833333333,15.0
10.625,28.0
10.6666666667,16.0
10.7083333333,30.0
10.75,21.0
10.7916666667,26.0
10.8333333333,37.0
10.875,26.0
10.9166666667,34.0
10.9583333333,44.0
11.0,57.0
11.0416666667,60.0
11.0833333333,90.0
11.125,73.0
11.1666666667,55.0
11.2083333333,44.0
11.25,39.0
11.2916666667,20.0
11.3333333333,9.0
11.375,2.0
11.4166666667,5.0
11.4583333333,2.0
11.5,3.0
11.5416666667,10.0
11.5833333333,16.0
11.625,nan
11.6666666667,nan
11.7083333333,nan
11.75,nan
11.7916666667,nan
11.8333333333,nan
11.875,nan
11.9166666667,nan
11.9583333333,nan
12.0,nan
12.0416666667,nan
12.0833333333,nan
12.125,nan
12.1666666667,nan
12.2083333333,21.0
12.25,27.0
12.2916666667,15.0
12.3333333333,16.0
12.375,7.0
12.4166666667,1.0
12.4583333333,1.0
12.5,5.0
12.5416666667,10.0
12.5833333333,16.0
12.625,17.0
12.6666666667,22.0
12.7083333333,14.0
12.75,28.0
12.7916666667,26.0
12.8333333333,25.0
12.875,31.0
12.9166666667,47.0
12.9583333333,38.0
13.0,58.0
13.0416666667,69.0
13.0833333333,72.0
13.125,76.0
13.1666666667,55.0
13.2083333333,45.0
13.25,21.0
13.2916666667,10.0
13.3333333333,8.0
13.375,1.0
13.4166666667,3.0
13.4583333333,2.0
13.5,5.0
13.5416666667,11.0
13.5833333333,19.0
13.625,24.0
13.6666666667,29.0
13.7083333333,25.0
13.75,21.0
13.7916666667,39.0
13.8333333333,31.0
13.875,39.0
13.9166666667,31.0
13.9583333333,38.0
