0.0,39.0
0.0416666666667,82.0
0.0833333333333,90.0
0.125,63.0
0.166666666667,96.0
0.208333333333,77.0
0.25,83.0
0.291666666667,90.0
0.333333333333,82.0
0.375,111.0
0.416666666667,120.0
0.458333333333,94.0
0.5,70.0
0.541666666667,65.0
0.583333333333,66.0
0.625,25.0
0.666666666667,22.0
0.708333333333,5.0
0.75,5.0
0.791666666667,2.0
0.833333333333,8.0
0.875,24.0
0.916666666667,25.0
0.958333333333,72.0
1.0,79.0
1.04166666667,68.0
1.08333333333,65.0
1.125,104.0
1.16666666667,102.0
1.20833333333,83.0
1.25,108.0
1.29166666667,106.0
1.33333333333,102.0
1.375,95.0
1.41666666667,122.0
1.45833333333,86.0
1.5,89.0
1.54166666667,80.0
1.58333333333,42.0
1.625,33.0
1.66666666667,16.0
1.70833333333,12.0
1.75,7.0
1.79166666667,4.0
1.83333333333,15.0
1.875,30.0
1.91666666667,65.0
1.95833333333,118.0
2.0,236.0
2.04166666667,360.0
2.08333333333,359.0
2.125,361.0
2.16666666667,299.0
2.20833333333,235.0
2.25,197.0
2.29166666667,166.0
2.33333333333,152.0
2.375,148.0
2.41666666667,138.0
2.45833333333,158.0
2.5,100.0
2.54166666667,94.0
2.58333333333,88.0
2.625,53.0
2.66666666667,24.0
2.70833333333,19.0
2.75,9.0
2.79166666667,9.0
2.83333333333,6.0
2.875,13.0
2.91666666667,25.0
2.95833333333,40.0
3.0,79.0
3.04166666667,74.0
3.08333333333,89.0
3.125,114.0
3.16666666667,116.0
3.20833333333,134.0
3.25,149.0
3.29166666667,120.0
3.33333333333,161.0
3.375,252.0
3.41666666667,146.0
3.45833333333,128.0
3.5,135.0
3.54166666667,96.0
3.58333333333,105.0
3.625,45.0
3.66666666667,38.0
3.70833333333,19.0
3.75,12.0
3.79166666667,6.0
3.83333333333,10.0
3.875,2.0
3.91666666667,14.0
3.95833333333,36.0
4.0,61.0
4.04166666667,43.0
4.08333333333,94.0
4.125,135.0
4.16666666667,108.0
4.20833333333,105.0
4.25,161.0
4.29166666667,151.0
4.33333333333,158.0
4.375,111.0
4.41666666667,114.0
4.45833333333,78.0
4.5,124.0
4.54166666667,83.0
4.58333333333,95.0
4.625,40.0
4.66666666667,36.0
4.70833333333,15.0
4.75,8.0
4.79166666667,20.0
4.83333333333,8.0
4.875,2.0
4.91666666667,8.0
4.95833333333,37.0
5.0,39.0
5.04166666667,69.0
5.08333333333,81.0
5.125,97.0
5.16666666667,78.0
5.20833333333,91.0
5.25,136.0
5.29166666667,106.0
5.33333333333,100.0
5.375,109.0
5.41666666667,88.0
5.45833333333,67.0
5.5,97.0
5.54166666667,60.0
5.58333333333,35.0
5.625,23.0
5.66666666667,27.0
5.70833333333,6.0
5.75,8.0
5.79166666667,1.0
5.83333333333,1.0
5.875,11.0
5.91666666667,22.0
5.95833333333,27.0
6.0,51.0
6.04166666667,52.0
6.08333333333,66.0
6.125,70.0
6.16666666667,74.0
6.20833333333,82.0
6.25,91.0
6.29166666667,77.0
6.33333333333,84.0
6.375,96.0
6.41666666667,109.0
6.45833333333,96.0
6.5,74.0
6.54166666667,54.0
6.58333333333,57.0
6.625,26.0
6.66666666667,31.0
6.70833333333,10.0
6.75,1.0
6.79166666667,4.0
6.83333333333,3.0
6.875,8.0
6.91666666667,25.0
6.95833333333,25.0
7.0,20.0
7.04166666667,53.0
7.08333333333,42.0
7.125,54.0
7.16666666667,61.0
7.20833333333,66.0
7.25,52.0
7.29166666667,71.0
7.33333333333,87.0
7.375,91.0
7.41666666667,96.0
7.45833333333,76.0
7.5,82.0
7.54166666667,62.0
7.58333333333,60.0
7.625,43.0
7.66666666667,11.0
7.70833333333,18.0
7.75,3.0
7.79166666667,4.0
7.83333333333,4.0
7.875,8.0
7.91666666667,20.0
7.95833333333,30.0
8.0,45.0
8.04166666667,59.0
8.08333333333,67.0
8.125,82.0
8.16666666667,109.0
8.20833333333,114.0
8.25,137.0
8.29166666667,153.0
8.33333333333,240.0
8.375,291.0
8.41666666667,358.0
8.45833333333,346.0
8.5,349.0
8.54166666667,354.0
8.58333333333,277.0
8.625,115.0
8.66666666667,61.0
8.70833333333,23.0
8.75,10.0
8.79166666667,10.0
8.83333333333,14.0
8.875,25.0
8.91666666667,44.0
8.95833333333,59.0
9.0,95.0
9.04166666667,82.0
9.08333333333,93.0
9.125,94.0
9.16666666667,125.0
9.20833333333,143.0
9.25,120.0
9.29166666667,181.0
9.33333333333,196.0
9.375,228.0
9.41666666667,232.0
9.45833333333,207.0
9.5,197.0
9.54166666667,195.0
9.58333333333,156.0
9.625,116.0
9.66666666667,52.0
9.70833333333,9.0
9.75,7.0
9.79166666667,7.0
9.83333333333,3.0
9.875,12.0
9.91666666667,33.0
9.95833333333,55.0
10.0,84.0
10.0416666667,99.0
10.0833333333,96.0
10.125,97.0
10.1666666667,100.0
10.2083333333,153.0
10.25,137.0
10.2916666667,221.0
10.3333333333,247.0
10.375,274.0
10.4166666667,232.0
10.4583333333,209.0
10.5,281.0
10.5416666667,202.0
10.5833333333,175.0
10.625,142.0
10.6666666667,77.0
10.7083333333,24.0
10.75,27.0
10.7916666667,6.0
10.8333333333,6.0
10.875,21.0
10.9166666667,23.0
10.9583333333,46.0
11.0,62.0
11.0416666667,90.0
11.0833333333,107.0
11.125,118.0
11.1666666667,160.0
11.2083333333,251.0
11.25,209.0
11.2916666667,253.0
11.3333333333,322.0
11.375,335.0
11.4166666667,328.0
11.4583333333,327.0
11.5,325.0
11.5416666667,307.0
11.5833333333,246.0
11.625,181.0
11.6666666667,84.0
11.7083333333,58.0
11.75,29.0
11.7916666667,15.0
11.8333333333,6.0
11.875,20.0
11.9166666667,54.0
11.9583333333,65.0
12.0,83.0
12.0416666667,118.0
12.0833333333,141.0
12.125,119.0
12.1666666667,160.0
12.2083333333,180.0
12.25,197.0
12.2916666667,232.0
12.3333333333,302.0
12.375,249.0
12.4166666667,274.0
12.4583333333,256.0
12.5,228.0
12.5416666667,181.0
12.5833333333,142.0
12.625,77.0
12.6666666667,39.0
12.7083333333,21.0
12.75,5.0
12.7916666667,5.0
12.8333333333,13.0
12.875,15.0
12.9166666667,29.0
12.9583333333,57.0
13.0,73.0
13.0416666667,88.0
13.0833333333,71.0
13.125,81.0
13.1666666667,113.0
13.2083333333,102.0
13.25,114.0
13.2916666667,164.0
13.3333333333,169.0
13.375,191.0
13.4166666667,210.0
13.4583333333,166.0
13.5,194.0
13.5416666667,171.0
13.5833333333,116.0
13.625,70.0
13.6666666667,40.0
13.7083333333,21.0
13.75,11.0
13.7916666667,15.0
13.8333333333,9.0
13.875,11.0
13.9166666667,25.0
13.9583333333,45.0
14.0,56.0
