0.0,20.0
0.0416666666667,62.0
0.0833333333333,75.0
0.125,76.0
0.166666666667,111.0
0.208333333333,108.0
0.25,112.0
0.291666666667,94.0
0.333333333333,91.0
0.375,109.0
0.416666666667,97.0
0.458333333333,108.0
0.5,113.0
0.541666666667,73.0
0.583333333333,63.0
0.625,47.0
0.666666666667,33.0
0.708333333333,14.0
0.75,9.0
0.791666666667,7.0
0.833333333333,4.0
0.875,4.0
0.916666666667,14.0
0.958333333333,37.0
1.0,59.0
1.04166666667,74.0
1.08333333333,68.0
1.125,91.0
1.16666666667,109.0
1.20833333333,107.0
1.25,127.0
1.29166666667,113.0
1.33333333333,114.0
1.375,86.0
1.41666666667,87.0
1.45833333333,95.0
1.5,72.0
1.54166666667,69.0
1.58333333333,60.0
1.625,36.0
1.66666666667,41.0
1.70833333333,24.0
1.75,12.0
1.79166666667,9.0
1.83333333333,4.0
1.875,7.0
1.91666666667,10.0
1.95833333333,5.0
2.0,23.0
2.04166666667,37.0
2.08333333333,32.0
2.125,52.0
2.16666666667,61.0
2.20833333333,65.0
2.25,76.0
2.29166666667,95.0
2.33333333333,68.0
2.375,58.0
2.41666666667,58.0
2.45833333333,41.0
2.5,35.0
2.54166666667,43.0
2.58333333333,30.0
2.625,17.0
2.66666666667,19.0
2.70833333333,7.0
2.75,6.0
2.79166666667,8.0
2.83333333333,4.0
2.875,7.0
2.91666666667,7.0
2.95833333333,12.0
3.0,11.0
3.04166666667,22.0
3.08333333333,38.0
3.125,53.0
3.16666666667,82.0
3.20833333333,107.0
3.25,156.0
3.29166666667,166.0
3.33333333333,120.0
3.375,116.0
3.41666666667,70.0
3.45833333333,82.0
3.5,73.0
3.54166666667,70.0
3.58333333333,73.0
3.625,60.0
3.66666666667,50.0
3.70833333333,40.0
3.75,35.0
3.79166666667,14.0
3.83333333333,4.0
3.875,5.0
3.91666666667,5.0
3.95833333333,17.0
4.0,25.0
4.04166666667,39.0
4.08333333333,71.0
4.125,100.0
4.16666666667,116.0
4.20833333333,119.0
4.25,170.0
4.29166666667,149.0
4.33333333333,108.0
4.375,94.0
4.41666666667,101.0
4.45833333333,70.0
4.5,76.0
4.54166666667,86.0
4.58333333333,52.0
4.625,70.0
4.66666666667,49.0
4.70833333333,27.0
4.75,28.0
4.79166666667,11.0
4.83333333333,7.0
4.875,8.0
4.91666666667,9.0
4.95833333333,13.0
5.0,26.0
5.04166666667,57.0
5.08333333333,59.0
5.125,79.0
5.16666666667,70.0
5.20833333333,100.0
5.25,112.0
5.29166666667,114.0
5.33333333333,93.0
5.375,84.0
5.41666666667,71.0
5.45833333333,68.0
5.5,52.0
5.54166666667,47.0
5.58333333333,34.0
5.625,28.0
5.66666666667,15.0
5.70833333333,7.0
5.75,7.0
5.79166666667,4.0
5.83333333333,4.0
5.875,2.0
5.91666666667,13.0
5.95833333333,24.0
6.0,36.0
6.04166666667,49.0
6.08333333333,50.0
6.125,54.0
6.16666666667,68.0
6.20833333333,83.0
6.25,92.0
6.29166666667,102.0
6.33333333333,73.0
6.375,79.0
6.41666666667,95.0
6.45833333333,70.0
6.5,69.0
6.54166666667,60.0
6.58333333333,44.0
6.625,37.0
6.66666666667,17.0
6.70833333333,14.0
6.75,3.0
6.79166666667,2.0
6.83333333333,3.0
6.875,11.0
6.91666666667,14.0
6.95833333333,25.0
7.0,39.0
7.04166666667,43.0
7.08333333333,69.0
7.125,81.0
7.16666666667,75.0
7.20833333333,76.0
7.25,76.0
7.29166666667,93.0
7.33333333333,85.0
7.375,97.0
7.41666666667,92.0
7.45833333333,114.0
7.5,93.0
7.54166666667,79.0
7.58333333333,58.0
7.625,40.0
7.66666666667,16.0
7.70833333333,15.0
7.75,7.0
7.79166666667,5.0
7.83333333333,5.0
7.875,5.0
7.91666666667,16.0
7.95833333333,19.0
8.0,49.0
8.04166666667,69.0
8.08333333333,80.0
8.125,84.0
8.16666666667,103.0
8.20833333333,92.0
8.25,94.0
8.29166666667,98.0
8.33333333333,100.0
8.375,107.0
8.41666666667,113.0
8.45833333333,133.0
8.5,133.0
8.54166666667,119.0
8.58333333333,90.0
8.625,64.0
8.66666666667,44.0
8.70833333333,21.0
8.75,12.0
8.79166666667,8.0
8.83333333333,3.0
8.875,13.0
8.91666666667,24.0
8.95833333333,32.0
9.0,58.0
9.04166666667,63.0
9.08333333333,72.0
9.125,100.0
9.16666666667,109.0
9.20833333333,131.0
9.25,102.0
9.29166666667,85.0
9.33333333333,91.0
9.375,126.0
9.41666666667,166.0
9.45833333333,162.0
9.5,158.0
9.54166666667,141.0
9.58333333333,106.0
9.625,92.0
9.66666666667,52.0
9.70833333333,37.0
9.75,13.0
9.79166666667,5.0
9.83333333333,11.0
9.875,8.0
9.91666666667,21.0
9.95833333333,36.0
10.0,61.0
10.0416666667,69.0
10.0833333333,83.0
10.125,108.0
10.1666666667,131.0
10.2083333333,134.0
10.25,124.0
10.2916666667,141.0
10.3333333333,130.0
10.375,154.0
10.4166666667,156.0
