0.0,1.0
0.0416666666667,nan
0.0833333333333,nan
0.125,nan
0.166666666667,nan
0.208333333333,nan
0.25,nan
0.291666666667,nan
0.333333333333,nan
0.375,nan
0.416666666667,nan
0.458333333333,nan
0.5,nan
0.541666666667,nan
0.583333333333,nan
0.625,nan
0.666666666667,nan
0.708333333333,nan
0.75,nan
0.791666666667,nan
0.833333333333,nan
0.875,nan
0.916666666667,nan
0.958333333333,nan
1.0,nan
1.04166666667,nan
1.08333333333,nan
1.125,nan
1.16666666667,nan
1.20833333333,nan
1.25,nan
1.29166666667,nan
1.33333333333,nan
1.375,nan
1.41666666667,nan
1.45833333333,nan
1.5,nan
1.54166666667,nan
1.58333333333,nan
1.625,nan
1.66666666667,nan
1.70833333333,nan
1.75,nan
1.79166666667,nan
1.83333333333,nan
1.875,nan
1.91666666667,nan
1.95833333333,nan
2.0,nan
2.04166666667,nan
2.08333333333,nan
2.125,nan
2.16666666667,nan
2.20833333333,nan
2.25,nan
2.29166666667,nan
2.33333333333,nan
2.375,nan
2.41666666667,nan
2.45833333333,nan
2.5,nan
2.54166666667,nan
2.58333333333,nan
2.625,nan
2.66666666667,nan
2.70833333333,nan
2.75,nan
2.79166666667,nan
2.83333333333,nan
2.875,nan
2.91666666667,nan
2.95833333333,nan
3.0,nan
3.04166666667,nan
3.08333333333,nan
3.125,nan
3.16666666667,nan
3.20833333333,nan
3.25,nan
3.29166666667,nan
3.33333333333,nan
3.375,nan
3.41666666667,nan
3.45833333333,nan
3.5,nan
3.54166666667,nan
3.58333333333,nan
3.625,nan
3.66666666667,nan
3.70833333333,nan
3.75,nan
3.79166666667,nan
3.83333333333,1.0
