0.0,103.0
0.0416666666667,81.0
0.0833333333333,63.0
0.125,60.0
0.166666666667,54.0
0.208333333333,37.0
0.25,29.0
0.291666666667,12.0
0.333333333333,9.0
0.375,2.0
0.416666666667,2.0
0.458333333333,9.0
0.5,25.0
0.541666666667,19.0
0.583333333333,37.0
0.625,39.0
0.666666666667,52.0
0.708333333333,55.0
0.75,72.0
0.791666666667,65.0
0.833333333333,76.0
0.875,96.0
0.916666666667,87.0
0.958333333333,86.0
1.0,97.0
1.04166666667,90.0
1.08333333333,83.0
1.125,80.0
1.16666666667,69.0
1.20833333333,45.0
1.25,33.0
1.29166666667,25.0
1.33333333333,16.0
1.375,7.0
1.41666666667,3.0
1.45833333333,3.0
1.5,9.0
1.54166666667,16.0
1.58333333333,36.0
1.625,42.0
1.66666666667,48.0
1.70833333333,55.0
1.75,99.0
1.79166666667,65.0
1.83333333333,79.0
1.875,90.0
1.91666666667,102.0
1.95833333333,92.0
2.0,104.0
2.04166666667,85.0
2.08333333333,100.0
2.125,98.0
2.16666666667,82.0
2.20833333333,68.0
2.25,73.0
2.29166666667,44.0
2.33333333333,26.0
2.375,16.0
2.41666666667,20.0
2.45833333333,9.0
2.5,15.0
2.54166666667,15.0
2.58333333333,41.0
2.625,40.0
2.66666666667,53.0
2.70833333333,69.0
2.75,84.0
2.79166666667,65.0
2.83333333333,64.0
2.875,58.0
2.91666666667,79.0
2.95833333333,61.0
3.0,80.0
3.04166666667,64.0
3.08333333333,70.0
3.125,45.0
3.16666666667,53.0
3.20833333333,30.0
3.25,15.0
3.29166666667,19.0
3.33333333333,9.0
3.375,3.0
3.41666666667,4.0
3.45833333333,7.0
3.5,16.0
3.54166666667,26.0
3.58333333333,20.0
3.625,33.0
3.66666666667,33.0
3.70833333333,49.0
3.75,42.0
3.79166666667,41.0
3.83333333333,52.0
3.875,59.0
3.91666666667,76.0
3.95833333333,79.0
4.0,98.0
4.04166666667,102.0
4.08333333333,68.0
4.125,83.0
4.16666666667,53.0
4.20833333333,37.0
4.25,17.0
4.29166666667,14.0
4.33333333333,7.0
4.375,3.0
4.41666666667,8.0
4.45833333333,6.0
4.5,14.0
4.54166666667,28.0
4.58333333333,31.0
4.625,42.0
4.66666666667,48.0
4.70833333333,45.0
4.75,46.0
4.79166666667,52.0
4.83333333333,57.0
4.875,50.0
4.91666666667,79.0
4.95833333333,69.0
5.0,69.0
5.04166666667,57.0
5.08333333333,64.0
5.125,62.0
5.16666666667,48.0
5.20833333333,28.0
5.25,18.0
5.29166666667,17.0
5.33333333333,10.0
5.375,9.0
5.41666666667,9.0
5.45833333333,3.0
5.5,21.0
5.54166666667,26.0
5.58333333333,43.0
5.625,51.0
5.66666666667,38.0
5.70833333333,58.0
5.75,55.0
5.79166666667,72.0
5.83333333333,55.0
5.875,58.0
5.91666666667,73.0
5.95833333333,78.0
6.0,89.0
6.04166666667,97.0
6.08333333333,102.0
6.125,105.0
6.16666666667,61.0
6.20833333333,53.0
6.25,32.0
6.29166666667,7.0
6.33333333333,12.0
6.375,4.0
6.41666666667,2.0
6.45833333333,7.0
6.5,15.0
6.54166666667,34.0
6.58333333333,47.0
6.625,44.0
6.66666666667,63.0
6.70833333333,56.0
6.75,70.0
6.79166666667,89.0
6.83333333333,76.0
6.875,82.0
6.91666666667,82.0
6.95833333333,115.0
7.0,99.0
7.04166666667,93.0
7.08333333333,110.0
7.125,78.0
7.16666666667,75.0
7.20833333333,68.0
7.25,40.0
7.29166666667,16.0
7.33333333333,8.0
7.375,8.0
7.41666666667,5.0
7.45833333333,7.0
7.5,18.0
7.54166666667,33.0
7.58333333333,52.0
7.625,51.0
7.66666666667,56.0
7.70833333333,63.0
7.75,67.0
7.79166666667,77.0
7.83333333333,85.0
7.875,78.0
7.91666666667,89.0
7.95833333333,92.0
8.0,100.0
8.04166666667,103.0
8.08333333333,117.0
8.125,132.0
8.16666666667,108.0
8.20833333333,107.0
8.25,70.0
8.29166666667,35.0
8.33333333333,36.0
8.375,13.0
8.41666666667,9.0
8.45833333333,5.0
8.5,15.0
8.54166666667,17.0
8.58333333333,28.0
8.625,49.0
8.66666666667,63.0
8.70833333333,73.0
8.75,84.0
8.79166666667,83.0
8.83333333333,93.0
8.875,96.0
8.91666666667,115.0
8.95833333333,127.0
9.0,123.0
9.04166666667,115.0
9.08333333333,119.0
9.125,149.0
9.16666666667,141.0
9.20833333333,99.0
9.25,57.0
9.29166666667,42.0
9.33333333333,29.0
9.375,9.0
9.41666666667,13.0
9.45833333333,11.0
9.5,14.0
9.54166666667,24.0
9.58333333333,31.0
9.625,38.0
9.66666666667,67.0
9.70833333333,66.0
9.75,92.0
9.79166666667,95.0
9.83333333333,103.0
9.875,84.0
9.91666666667,98.0
9.95833333333,107.0
10.0,103.0
10.0416666667,92.0
10.0833333333,80.0
10.125,70.0
10.1666666667,45.0
10.2083333333,56.0
10.25,22.0
10.2916666667,12.0
10.3333333333,9.0
10.375,7.0
10.4166666667,4.0
10.4583333333,12.0
10.5,20.0
10.5416666667,24.0
10.5833333333,36.0
10.625,27.0
10.6666666667,53.0
10.7083333333,68.0
10.75,53.0
10.7916666667,53.0
10.8333333333,79.0
10.875,78.0
10.9166666667,74.0
10.9583333333,76.0
11.0,71.0
11.0416666667,75.0
11.0833333333,75.0
11.125,62.0
11.1666666667,56.0
11.2083333333,33.0
11.25,25.0
11.2916666667,11.0
11.3333333333,4.0
11.375,8.0
11.4166666667,2.0
11.4583333333,6.0
11.5,19.0
11.5416666667,36.0
11.5833333333,24.0
11.625,nan
11.6666666667,nan
11.7083333333,nan
11.75,nan
11.7916666667,nan
11.8333333333,nan
11.875,nan
11.9166666667,nan
11.9583333333,nan
12.0,nan
12.0416666667,nan
12.0833333333,nan
12.125,nan
12.1666666667,nan
12.2083333333,22.0
12.25,10.0
12.2916666667,10.0
12.3333333333,4.0
12.375,1.0
12.4166666667,5.0
12.4583333333,1.0
12.5,14.0
12.5416666667,14.0
12.5833333333,22.0
12.625,33.0
12.6666666667,23.0
12.7083333333,34.0
12.75,33.0
12.7916666667,33.0
12.8333333333,28.0
12.875,44.0
12.9166666667,42.0
12.9583333333,45.0
13.0,53.0
13.0416666667,47.0
13.0833333333,65.0
13.125,31.0
13.1666666667,32.0
13.2083333333,26.0
13.25,14.0
13.2916666667,8.0
13.3333333333,5.0
13.375,3.0
13.4166666667,2.0
13.4583333333,3.0
13.5,6.0
13.5416666667,12.0
13.5833333333,21.0
13.625,36.0
13.6666666667,44.0
13.7083333333,46.0
13.75,49.0
13.7916666667,41.0
13.8333333333,49.0
13.875,70.0
13.9166666667,51.0
13.9583333333,60.0
