0.0,13.0
0.0416666666667,31.0
0.0833333333333,42.0
0.125,42.0
0.166666666667,45.0
0.208333333333,38.0
0.25,49.0
0.291666666667,49.0
0.333333333333,43.0
0.375,54.0
0.416666666667,40.0
0.458333333333,46.0
0.5,44.0
0.541666666667,41.0
0.583333333333,25.0
0.625,25.0
0.666666666667,15.0
0.708333333333,8.0
0.75,5.0
0.791666666667,4.0
0.833333333333,1.0
0.875,4.0
0.916666666667,8.0
0.958333333333,17.0
1.0,34.0
1.04166666667,35.0
1.08333333333,40.0
1.125,50.0
1.16666666667,48.0
1.20833333333,50.0
1.25,54.0
1.29166666667,46.0
1.33333333333,52.0
1.375,38.0
1.41666666667,29.0
1.45833333333,41.0
1.5,48.0
1.54166666667,29.0
1.58333333333,49.0
1.625,32.0
1.66666666667,31.0
1.70833333333,15.0
1.75,9.0
1.79166666667,6.0
1.83333333333,6.0
1.875,5.0
1.91666666667,13.0
1.95833333333,18.0
2.0,28.0
2.04166666667,33.0
2.08333333333,52.0
2.125,51.0
2.16666666667,35.0
2.20833333333,40.0
2.25,24.0
2.29166666667,33.0
2.33333333333,39.0
2.375,45.0
2.41666666667,41.0
2.45833333333,36.0
2.5,35.0
2.54166666667,28.0
2.58333333333,33.0
2.625,19.0
2.66666666667,14.0
2.70833333333,9.0
2.75,8.0
2.79166666667,6.0
2.83333333333,4.0
2.875,4.0
2.91666666667,10.0
2.95833333333,6.0
3.0,15.0
3.04166666667,15.0
3.08333333333,13.0
3.125,23.0
3.16666666667,23.0
3.20833333333,nan
3.25,nan
3.29166666667,nan
3.33333333333,nan
3.375,nan
3.41666666667,nan
3.45833333333,12.0
3.5,46.0
3.54166666667,38.0
3.58333333333,25.0
3.625,18.0
3.66666666667,25.0
3.70833333333,18.0
3.75,12.0
3.79166666667,5.0
3.83333333333,6.0
3.875,1.0
3.91666666667,9.0
3.95833333333,19.0
4.0,23.0
4.04166666667,19.0
4.08333333333,32.0
4.125,31.0
4.16666666667,41.0
4.20833333333,35.0
4.25,44.0
4.29166666667,38.0
4.33333333333,35.0
4.375,69.0
4.41666666667,44.0
4.45833333333,49.0
4.5,38.0
4.54166666667,42.0
4.58333333333,36.0
4.625,30.0
4.66666666667,14.0
4.70833333333,8.0
4.75,5.0
4.79166666667,7.0
4.83333333333,4.0
4.875,7.0
4.91666666667,6.0
4.95833333333,8.0
5.0,20.0
5.04166666667,25.0
5.08333333333,17.0
5.125,32.0
5.16666666667,36.0
5.20833333333,38.0
5.25,27.0
5.29166666667,23.0
5.33333333333,36.0
5.375,41.0
5.41666666667,28.0
5.45833333333,23.0
5.5,26.0
5.54166666667,23.0
5.58333333333,13.0
5.625,8.0
5.66666666667,13.0
5.70833333333,5.0
5.75,1.0
5.79166666667,3.0
5.83333333333,3.0
5.875,7.0
5.91666666667,5.0
5.95833333333,14.0
6.0,26.0
6.04166666667,26.0
6.08333333333,35.0
6.125,34.0
6.16666666667,30.0
6.20833333333,32.0
6.25,39.0
6.29166666667,53.0
6.33333333333,37.0
6.375,37.0
6.41666666667,31.0
6.45833333333,51.0
6.5,52.0
6.54166666667,28.0
6.58333333333,23.0
6.625,24.0
6.66666666667,8.0
6.70833333333,3.0
6.75,5.0
6.79166666667,3.0
6.83333333333,3.0
6.875,3.0
6.91666666667,5.0
6.95833333333,22.0
7.0,27.0
7.04166666667,32.0
7.08333333333,18.0
7.125,36.0
7.16666666667,43.0
7.20833333333,41.0
7.25,46.0
7.29166666667,27.0
7.33333333333,41.0
7.375,42.0
7.41666666667,30.0
7.45833333333,39.0
7.5,29.0
7.54166666667,30.0
7.58333333333,21.0
7.625,27.0
7.66666666667,15.0
7.70833333333,5.0
7.75,2.0
7.79166666667,2.0
7.83333333333,3.0
7.875,6.0
7.91666666667,12.0
7.95833333333,24.0
8.0,34.0
8.04166666667,33.0
8.08333333333,28.0
8.125,33.0
8.16666666667,47.0
8.20833333333,55.0
8.25,42.0
8.29166666667,58.0
8.33333333333,52.0
8.375,61.0
8.41666666667,31.0
8.45833333333,42.0
8.5,28.0
8.54166666667,34.0
8.58333333333,34.0
8.625,26.0
8.66666666667,17.0
8.70833333333,7.0
8.75,8.0
8.79166666667,2.0
8.83333333333,4.0
8.875,4.0
8.91666666667,10.0
8.95833333333,20.0
9.0,36.0
9.04166666667,36.0
9.08333333333,32.0
9.125,40.0
9.16666666667,51.0
9.20833333333,50.0
9.25,36.0
9.29166666667,52.0
9.33333333333,56.0
9.375,79.0
9.41666666667,62.0
9.45833333333,50.0
9.5,55.0
9.54166666667,57.0
9.58333333333,43.0
9.625,36.0
9.66666666667,11.0
9.70833333333,9.0
9.75,7.0
9.79166666667,nan
9.83333333333,2.0
9.875,6.0
9.91666666667,13.0
9.95833333333,24.0
10.0,36.0
10.0416666667,38.0
10.0833333333,36.0
10.125,44.0
10.1666666667,52.0
10.2083333333,49.0
10.25,53.0
10.2916666667,58.0
10.3333333333,45.0
10.375,58.0
10.4166666667,56.0
10.4583333333,56.0
10.5,56.0
10.5416666667,37.0
10.5833333333,52.0
10.625,37.0
10.6666666667,32.0
10.7083333333,20.0
10.75,11.0
10.7916666667,8.0
10.8333333333,2.0
10.875,4.0
10.9166666667,5.0
10.9583333333,10.0
11.0,22.0
11.0416666667,18.0
11.0833333333,32.0
11.125,26.0
11.1666666667,36.0
11.2083333333,40.0
11.25,57.0
11.2916666667,53.0
11.3333333333,68.0
11.375,59.0
11.4166666667,64.0
11.4583333333,70.0
11.5,61.0
11.5416666667,59.0
11.5833333333,58.0
11.625,55.0
11.6666666667,44.0
11.7083333333,27.0
11.75,16.0
11.7916666667,10.0
11.8333333333,6.0
11.875,nan
11.9166666667,4.0
11.9583333333,8.0
12.0,18.0
12.0416666667,24.0
12.0833333333,37.0
12.125,46.0
12.1666666667,54.0
12.2083333333,39.0
12.25,44.0
12.2916666667,57.0
12.3333333333,53.0
12.375,48.0
12.4166666667,43.0
12.4583333333,39.0
12.5,36.0
12.5416666667,31.0
12.5833333333,23.0
12.625,20.0
12.6666666667,14.0
12.7083333333,10.0
12.75,3.0
12.7916666667,2.0
12.8333333333,2.0
12.875,1.0
12.9166666667,6.0
12.9583333333,18.0
13.0,25.0
13.0416666667,24.0
13.0833333333,37.0
13.125,37.0
13.1666666667,35.0
13.2083333333,46.0
13.25,50.0
13.2916666667,57.0
13.3333333333,34.0
13.375,52.0
13.4166666667,49.0
13.4583333333,55.0
13.5,50.0
13.5416666667,40.0
13.5833333333,23.0
13.625,19.0
13.6666666667,6.0
13.7083333333,4.0
13.75,4.0
13.7916666667,4.0
13.8333333333,3.0
13.875,5.0
13.9166666667,8.0
13.9583333333,20.0
14.0,27.0
14.0416666667,nan
14.0833333333,nan
14.125,nan
14.1666666667,nan
14.2083333333,nan
14.25,nan
14.2916666667,nan
14.3333333333,nan
14.375,nan
14.4166666667,nan
14.4583333333,nan
14.5,nan
14.5416666667,nan
14.5833333333,nan
14.625,6.0
14.6666666667,18.0
14.7083333333,4.0
14.75,1.0
14.7916666667,2.0
14.8333333333,6.0
14.875,2.0
14.9166666667,6.0
14.9583333333,16.0
15.0,27.0
15.0416666667,38.0
15.0833333333,25.0
15.125,31.0
15.1666666667,39.0
15.2083333333,45.0
15.25,38.0
15.2916666667,52.0
15.3333333333,44.0
15.375,49.0
15.4166666667,39.0
15.4583333333,46.0
15.5,44.0
15.5416666667,35.0
15.5833333333,21.0
15.625,14.0
15.6666666667,8.0
15.7083333333,5.0
15.75,1.0
15.7916666667,2.0
15.8333333333,1.0
15.875,5.0
15.9166666667,9.0
15.9583333333,24.0
16.0,29.0
16.0416666667,33.0
16.0833333333,37.0
16.125,58.0
16.1666666667,44.0
16.2083333333,33.0
16.25,46.0
16.2916666667,54.0
16.3333333333,50.0
16.375,51.0
16.4166666667,57.0
16.4583333333,58.0
16.5,49.0
16.5416666667,52.0
16.5833333333,32.0
16.625,28.0
16.6666666667,14.0
16.7083333333,9.0
16.75,4.0
16.7916666667,2.0
16.8333333333,5.0
16.875,2.0
16.9166666667,9.0
16.9583333333,26.0
17.0,25.0
17.0416666667,31.0
17.0833333333,38.0
17.125,36.0
17.1666666667,56.0
17.2083333333,51.0
17.25,52.0
17.2916666667,44.0
17.3333333333,50.0
17.375,45.0
17.4166666667,48.0
17.4583333333,51.0
17.5,49.0
17.5416666667,40.0
17.5833333333,52.0
17.625,33.0
17.6666666667,21.0
17.7083333333,19.0
17.75,7.0
17.7916666667,3.0
17.8333333333,3.0
17.875,3.0
17.9166666667,9.0
17.9583333333,13.0
18.0,10.0
18.0416666667,21.0
18.0833333333,35.0
18.125,39.0
18.1666666667,44.0
18.2083333333,36.0
18.25,55.0
18.2916666667,56.0
18.3333333333,63.0
18.375,72.0
18.4166666667,47.0
18.4583333333,54.0
18.5,71.0
18.5416666667,62.0
18.5833333333,57.0
18.625,55.0
18.6666666667,36.0
18.7083333333,24.0
18.75,10.0
18.7916666667,6.0
18.8333333333,2.0
18.875,2.0
18.9166666667,4.0
18.9583333333,14.0
19.0,20.0
19.0416666667,26.0
19.0833333333,21.0
19.125,40.0
19.1666666667,22.0
19.2083333333,48.0
19.25,30.0
19.2916666667,38.0
19.3333333333,45.0
19.375,41.0
19.4166666667,40.0
19.4583333333,31.0
19.5,35.0
19.5416666667,28.0
19.5833333333,18.0
19.625,20.0
19.6666666667,6.0
19.7083333333,7.0
19.75,1.0
19.7916666667,4.0
19.8333333333,1.0
19.875,5.0
19.9166666667,2.0
19.9583333333,24.0
20.0,27.0
20.0416666667,25.0
20.0833333333,33.0
20.125,36.0
20.1666666667,49.0
20.2083333333,44.0
20.25,39.0
20.2916666667,40.0
20.3333333333,55.0
20.375,31.0
20.4166666667,54.0
20.4583333333,66.0
20.5,50.0
20.5416666667,37.0
20.5833333333,42.0
20.625,33.0
20.6666666667,29.0
20.7083333333,9.0
20.75,9.0
20.7916666667,2.0
20.8333333333,4.0
20.875,2.0
20.9166666667,7.0
20.9583333333,19.0
21.0,24.0
21.0416666667,39.0
21.0833333333,39.0
21.125,44.0
21.1666666667,57.0
21.2083333333,34.0
21.25,63.0
21.2916666667,31.0
21.3333333333,56.0
21.375,63.0
21.4166666667,47.0
21.4583333333,44.0
21.5,64.0
21.5416666667,38.0
21.5833333333,37.0
21.625,32.0
21.6666666667,21.0
21.7083333333,6.0
21.75,1.0
21.7916666667,nan
21.8333333333,2.0
21.875,5.0
21.9166666667,12.0
21.9583333333,19.0
22.0,36.0
22.0416666667,34.0
22.0833333333,30.0
22.125,46.0
22.1666666667,47.0
22.2083333333,30.0
22.25,43.0
22.2916666667,67.0
22.3333333333,53.0
22.375,50.0
22.4166666667,56.0
22.4583333333,53.0
22.5,43.0
22.5416666667,40.0
22.5833333333,23.0
22.625,31.0
22.6666666667,10.0
22.7083333333,9.0
22.75,1.0
22.7916666667,3.0
22.8333333333,2.0
22.875,6.0
22.9166666667,11.0
22.9583333333,22.0
23.0,29.0
23.0416666667,35.0
23.0833333333,32.0
23.125,53.0
23.1666666667,45.0
23.2083333333,51.0
23.25,52.0
23.2916666667,49.0
23.3333333333,54.0
23.375,68.0
23.4166666667,58.0
23.4583333333,49.0
23.5,65.0
23.5416666667,56.0
23.5833333333,38.0
23.625,55.0
23.6666666667,22.0
23.7083333333,6.0
23.75,3.0
23.7916666667,nan
23.8333333333,3.0
23.875,6.0
23.9166666667,9.0
23.9583333333,16.0
24.0,39.0
24.0416666667,53.0
24.0833333333,31.0
24.125,48.0
24.1666666667,63.0
24.2083333333,58.0
24.25,56.0
24.2916666667,63.0
24.3333333333,55.0
24.375,53.0
24.4166666667,59.0
24.4583333333,52.0
24.5,53.0
24.5416666667,48.0
24.5833333333,62.0
24.625,48.0
24.6666666667,35.0
24.7083333333,19.0
24.75,12.0
24.7916666667,2.0
24.8333333333,4.0
24.875,3.0
24.9166666667,2.0
24.9583333333,nan
25.0,1.0
25.0416666667,nan
25.0833333333,nan
25.125,nan
25.1666666667,2.0
25.2083333333,1.0
25.25,109.0
25.2916666667,94.0
25.3333333333,89.0
25.375,76.0
25.4166666667,79.0
25.4583333333,62.0
25.5,56.0
25.5416666667,54.0
25.5833333333,64.0
25.625,57.0
25.6666666667,49.0
25.7083333333,36.0
25.75,8.0
25.7916666667,4.0
25.8333333333,6.0
25.875,1.0
25.9166666667,6.0
25.9583333333,12.0
26.0,24.0
26.0416666667,31.0
26.0833333333,28.0
26.125,31.0
26.1666666667,36.0
26.2083333333,43.0
26.25,36.0
26.2916666667,44.0
26.3333333333,34.0
26.375,33.0
26.4166666667,33.0
26.4583333333,34.0
26.5,31.0
26.5416666667,39.0
26.5833333333,24.0
26.625,23.0
26.6666666667,6.0
26.7083333333,2.0
26.75,8.0
26.7916666667,1.0
26.8333333333,1.0
26.875,2.0
26.9166666667,8.0
26.9583333333,16.0
27.0,26.0
27.0416666667,33.0
27.0833333333,28.0
27.125,31.0
27.1666666667,48.0
27.2083333333,33.0
27.25,49.0
27.2916666667,48.0
27.3333333333,54.0
27.375,54.0
27.4166666667,45.0
27.4583333333,42.0
27.5,37.0
27.5416666667,45.0
27.5833333333,35.0
27.625,15.0
27.6666666667,14.0
27.7083333333,8.0
27.75,8.0
27.7916666667,2.0
27.8333333333,7.0
27.875,6.0
27.9166666667,11.0
27.9583333333,33.0
28.0,29.0
28.0416666667,30.0
28.0833333333,20.0
28.125,52.0
28.1666666667,49.0
28.2083333333,52.0
28.25,41.0
28.2916666667,74.0
28.3333333333,55.0
28.375,50.0
28.4166666667,46.0
28.4583333333,48.0
28.5,39.0
28.5416666667,47.0
28.5833333333,37.0
28.625,22.0
28.6666666667,14.0
28.7083333333,9.0
28.75,3.0
28.7916666667,4.0
28.8333333333,1.0
28.875,7.0
28.9166666667,8.0
28.9583333333,23.0
29.0,30.0
29.0416666667,39.0
29.0833333333,51.0
29.125,54.0
29.1666666667,51.0
29.2083333333,52.0
29.25,50.0
29.2916666667,49.0
29.3333333333,44.0
29.375,41.0
29.4166666667,50.0
29.4583333333,52.0
29.5,60.0
29.5416666667,46.0
29.5833333333,42.0
29.625,13.0
29.6666666667,nan
29.7083333333,nan
29.75,nan
29.7916666667,nan
29.8333333333,nan
29.875,nan
29.9166666667,nan
29.9583333333,nan
30.0,nan
30.0416666667,nan
30.0833333333,nan
30.125,nan
30.1666666667,nan
30.2083333333,nan
30.25,nan
30.2916666667,nan
30.3333333333,nan
30.375,nan
30.4166666667,nan
30.4583333333,nan
30.5,nan
30.5416666667,8.0
30.5833333333,30.0
30.625,19.0
30.6666666667,18.0
30.7083333333,8.0
30.75,6.0
30.7916666667,8.0
30.8333333333,3.0
30.875,3.0
30.9166666667,12.0
30.9583333333,11.0
31.0,25.0
31.0416666667,42.0
31.0833333333,48.0
31.125,44.0
31.1666666667,49.0
31.2083333333,43.0
31.25,35.0
31.2916666667,61.0
31.3333333333,52.0
31.375,58.0
31.4166666667,37.0
31.4583333333,38.0
31.5,56.0
31.5416666667,44.0
31.5833333333,39.0
31.625,40.0
31.6666666667,32.0
31.7083333333,17.0
31.75,8.0
31.7916666667,1.0
31.8333333333,1.0
31.875,4.0
31.9166666667,5.0
31.9583333333,12.0
32.0,18.0
32.0416666667,3.0
32.0833333333,nan
32.125,nan
32.1666666667,nan
32.2083333333,nan
32.25,nan
32.2916666667,nan
32.3333333333,nan
32.375,26.0
32.4166666667,23.0
32.4583333333,22.0
32.5,18.0
32.5416666667,31.0
32.5833333333,29.0
32.625,22.0
32.6666666667,13.0
32.7083333333,8.0
32.75,11.0
32.7916666667,3.0
32.8333333333,4.0
32.875,5.0
32.9166666667,3.0
32.9583333333,8.0
33.0,13.0
33.0416666667,13.0
33.0833333333,20.0
33.125,23.0
33.1666666667,32.0
33.2083333333,31.0
33.25,25.0
33.2916666667,30.0
