0.0,10.0
0.0416666666667,26.0
0.0833333333333,29.0
0.125,30.0
0.166666666667,47.0
0.208333333333,38.0
0.25,48.0
0.291666666667,34.0
0.333333333333,47.0
0.375,65.0
0.416666666667,62.0
0.458333333333,57.0
0.5,55.0
0.541666666667,49.0
0.583333333333,64.0
0.625,33.0
0.666666666667,14.0
0.708333333333,10.0
0.75,5.0
0.791666666667,1.0
0.833333333333,nan
0.875,1.0
0.916666666667,7.0
0.958333333333,24.0
1.0,20.0
1.04166666667,26.0
1.08333333333,32.0
1.125,48.0
1.16666666667,44.0
1.20833333333,52.0
1.25,49.0
1.29166666667,61.0
1.33333333333,47.0
1.375,44.0
1.41666666667,58.0
1.45833333333,54.0
1.5,39.0
1.54166666667,47.0
1.58333333333,46.0
1.625,18.0
1.66666666667,14.0
1.70833333333,3.0
1.75,10.0
1.79166666667,5.0
1.83333333333,1.0
1.875,nan
1.91666666667,8.0
1.95833333333,4.0
2.0,10.0
2.04166666667,17.0
2.08333333333,19.0
2.125,26.0
2.16666666667,17.0
2.20833333333,34.0
2.25,23.0
2.29166666667,27.0
2.33333333333,34.0
2.375,30.0
2.41666666667,33.0
2.45833333333,20.0
2.5,13.0
2.54166666667,19.0
2.58333333333,16.0
2.625,6.0
2.66666666667,8.0
2.70833333333,7.0
2.75,4.0
2.79166666667,nan
2.83333333333,3.0
2.875,3.0
2.91666666667,5.0
2.95833333333,7.0
3.0,7.0
3.04166666667,15.0
3.08333333333,26.0
3.125,30.0
3.16666666667,43.0
3.20833333333,38.0
3.25,58.0
3.29166666667,45.0
3.33333333333,50.0
3.375,47.0
3.41666666667,46.0
3.45833333333,49.0
3.5,41.0
3.54166666667,48.0
3.58333333333,29.0
3.625,24.0
3.66666666667,20.0
3.70833333333,15.0
3.75,3.0
3.79166666667,3.0
3.83333333333,3.0
3.875,2.0
3.91666666667,1.0
3.95833333333,7.0
4.0,15.0
4.04166666667,13.0
4.08333333333,31.0
4.125,35.0
4.16666666667,53.0
4.20833333333,63.0
4.25,63.0
4.29166666667,73.0
4.33333333333,75.0
4.375,50.0
4.41666666667,58.0
4.45833333333,42.0
4.5,61.0
4.54166666667,57.0
4.58333333333,41.0
4.625,27.0
4.66666666667,15.0
4.70833333333,10.0
4.75,6.0
4.79166666667,6.0
4.83333333333,3.0
4.875,1.0
4.91666666667,1.0
4.95833333333,11.0
5.0,12.0
5.04166666667,13.0
5.08333333333,17.0
5.125,30.0
5.16666666667,40.0
5.20833333333,49.0
5.25,47.0
5.29166666667,52.0
5.33333333333,41.0
5.375,27.0
5.41666666667,34.0
5.45833333333,34.0
5.5,30.0
5.54166666667,24.0
5.58333333333,21.0
5.625,14.0
5.66666666667,5.0
5.70833333333,2.0
5.75,5.0
5.79166666667,1.0
5.83333333333,3.0
5.875,3.0
5.91666666667,4.0
5.95833333333,6.0
6.0,17.0
6.04166666667,22.0
6.08333333333,26.0
6.125,36.0
6.16666666667,34.0
6.20833333333,40.0
6.25,40.0
6.29166666667,41.0
6.33333333333,43.0
6.375,44.0
6.41666666667,76.0
6.45833333333,52.0
6.5,44.0
6.54166666667,36.0
6.58333333333,18.0
6.625,9.0
6.66666666667,11.0
6.70833333333,5.0
6.75,3.0
6.79166666667,nan
6.83333333333,nan
6.875,2.0
6.91666666667,7.0
6.95833333333,9.0
7.0,13.0
7.04166666667,15.0
7.08333333333,17.0
7.125,22.0
7.16666666667,30.0
7.20833333333,33.0
7.25,32.0
7.29166666667,27.0
7.33333333333,39.0
7.375,35.0
7.41666666667,44.0
7.45833333333,56.0
7.5,59.0
7.54166666667,50.0
7.58333333333,45.0
7.625,21.0
7.66666666667,15.0
7.70833333333,5.0
7.75,2.0
7.79166666667,2.0
7.83333333333,nan
7.875,2.0
7.91666666667,12.0
7.95833333333,14.0
8.0,24.0
8.04166666667,33.0
8.08333333333,33.0
8.125,35.0
8.16666666667,34.0
8.20833333333,54.0
8.25,49.0
8.29166666667,28.0
8.33333333333,31.0
8.375,48.0
8.41666666667,75.0
8.45833333333,64.0
8.5,83.0
8.54166666667,54.0
8.58333333333,47.0
8.625,31.0
8.66666666667,16.0
8.70833333333,11.0
8.75,4.0
8.79166666667,4.0
8.83333333333,1.0
8.875,nan
8.91666666667,7.0
8.95833333333,18.0
9.0,21.0
9.04166666667,22.0
9.08333333333,37.0
9.125,31.0
9.16666666667,38.0
9.20833333333,46.0
9.25,43.0
9.29166666667,48.0
9.33333333333,57.0
9.375,42.0
9.41666666667,60.0
9.45833333333,58.0
9.5,65.0
9.54166666667,59.0
9.58333333333,38.0
9.625,39.0
9.66666666667,12.0
9.70833333333,11.0
9.75,6.0
9.79166666667,1.0
9.83333333333,2.0
9.875,3.0
9.91666666667,6.0
9.95833333333,11.0
10.0,16.0
10.0416666667,23.0
10.0833333333,34.0
10.125,41.0
10.1666666667,57.0
10.2083333333,66.0
10.25,54.0
10.2916666667,64.0
10.3333333333,54.0
10.375,59.0
10.4166666667,78.0
10.4583333333,63.0
10.5,78.0
10.5416666667,50.0
10.5833333333,52.0
10.625,47.0
10.6666666667,37.0
10.7083333333,17.0
10.75,14.0
10.7916666667,8.0
10.8333333333,1.0
10.875,nan
10.9166666667,1.0
10.9583333333,6.0
11.0,12.0
11.0416666667,26.0
11.0833333333,49.0
11.125,43.0
11.1666666667,57.0
11.2083333333,87.0
11.25,74.0
11.2916666667,80.0
11.3333333333,66.0
11.375,75.0
