0.0,2.0
0.0416666666667,nan
0.0833333333333,1.0
0.125,3.0
0.166666666667,1.0
0.208333333333,1.0
0.25,6.0
0.291666666667,1.0
0.333333333333,1.0
0.375,4.0
0.416666666667,1.0
0.458333333333,1.0
0.5,nan
0.541666666667,1.0
0.583333333333,nan
0.625,nan
0.666666666667,nan
0.708333333333,2.0
0.75,1.0
0.791666666667,nan
0.833333333333,nan
0.875,1.0
0.916666666667,1.0
0.958333333333,nan
1.0,1.0
1.04166666667,nan
1.08333333333,4.0
1.125,4.0
1.16666666667,4.0
1.20833333333,3.0
1.25,4.0
1.29166666667,2.0
1.33333333333,3.0
1.375,3.0
1.41666666667,nan
1.45833333333,1.0
1.5,1.0
1.54166666667,nan
1.58333333333,nan
1.625,nan
1.66666666667,nan
1.70833333333,nan
1.75,nan
1.79166666667,nan
1.83333333333,2.0
1.875,3.0
1.91666666667,1.0
1.95833333333,2.0
2.0,6.0
2.04166666667,1.0
2.08333333333,3.0
2.125,4.0
2.16666666667,5.0
2.20833333333,2.0
2.25,6.0
2.29166666667,5.0
2.33333333333,3.0
2.375,2.0
2.41666666667,2.0
2.45833333333,nan
2.5,nan
2.54166666667,nan
2.58333333333,1.0
2.625,nan
2.66666666667,nan
2.70833333333,1.0
2.75,1.0
2.79166666667,1.0
2.83333333333,1.0
2.875,2.0
2.91666666667,1.0
2.95833333333,2.0
3.0,2.0
3.04166666667,2.0
3.08333333333,1.0
3.125,1.0
3.16666666667,2.0
3.20833333333,1.0
3.25,3.0
3.29166666667,8.0
3.33333333333,5.0
3.375,3.0
3.41666666667,nan
3.45833333333,2.0
3.5,3.0
3.54166666667,nan
3.58333333333,nan
3.625,nan
3.66666666667,nan
3.70833333333,nan
3.75,1.0
3.79166666667,1.0
3.83333333333,2.0
3.875,2.0
3.91666666667,4.0
3.95833333333,4.0
4.0,3.0
4.04166666667,5.0
4.08333333333,nan
4.125,5.0
4.16666666667,4.0
4.20833333333,5.0
4.25,nan
4.29166666667,2.0
4.33333333333,7.0
4.375,1.0
4.41666666667,2.0
4.45833333333,nan
4.5,1.0
4.54166666667,nan
4.58333333333,nan
4.625,nan
4.66666666667,nan
4.70833333333,nan
4.75,nan
4.79166666667,nan
4.83333333333,3.0
4.875,4.0
4.91666666667,2.0
4.95833333333,4.0
5.0,3.0
5.04166666667,4.0
5.08333333333,4.0
5.125,4.0
5.16666666667,6.0
5.20833333333,3.0
5.25,3.0
5.29166666667,3.0
5.33333333333,1.0
5.375,1.0
5.41666666667,3.0
5.45833333333,nan
5.5,nan
5.54166666667,nan
5.58333333333,nan
5.625,nan
5.66666666667,1.0
5.70833333333,1.0
5.75,nan
5.79166666667,nan
5.83333333333,nan
5.875,nan
5.91666666667,nan
5.95833333333,nan
6.0,1.0
6.04166666667,1.0
6.08333333333,1.0
6.125,1.0
6.16666666667,6.0
6.20833333333,1.0
6.25,4.0
6.29166666667,3.0
6.33333333333,1.0
6.375,nan
6.41666666667,1.0
6.45833333333,nan
6.5,nan
6.54166666667,nan
6.58333333333,nan
6.625,1.0
6.66666666667,1.0
6.70833333333,nan
6.75,nan
6.79166666667,1.0
6.83333333333,nan
6.875,nan
6.91666666667,nan
6.95833333333,nan
7.0,1.0
7.04166666667,2.0
7.08333333333,2.0
7.125,3.0
7.16666666667,nan
7.20833333333,1.0
7.25,nan
7.29166666667,nan
7.33333333333,4.0
7.375,3.0
7.41666666667,2.0
7.45833333333,1.0
7.5,nan
7.54166666667,1.0
7.58333333333,nan
7.625,nan
7.66666666667,nan
7.70833333333,1.0
7.75,1.0
7.79166666667,1.0
7.83333333333,nan
7.875,1.0
7.91666666667,3.0
7.95833333333,2.0
8.0,3.0
8.04166666667,nan
8.08333333333,nan
8.125,2.0
8.16666666667,nan
8.20833333333,nan
8.25,1.0
8.29166666667,2.0
8.33333333333,2.0
8.375,4.0
8.41666666667,2.0
8.45833333333,2.0
8.5,nan
8.54166666667,nan
8.58333333333,nan
8.625,nan
8.66666666667,nan
8.70833333333,nan
8.75,1.0
8.79166666667,2.0
8.83333333333,2.0
8.875,nan
8.91666666667,7.0
8.95833333333,2.0
9.0,1.0
9.04166666667,1.0
9.08333333333,1.0
9.125,4.0
9.16666666667,2.0
9.20833333333,1.0
9.25,1.0
9.29166666667,5.0
9.33333333333,4.0
9.375,2.0
9.41666666667,1.0
9.45833333333,1.0
9.5,1.0
9.54166666667,nan
9.58333333333,nan
9.625,nan
9.66666666667,nan
9.70833333333,nan
9.75,1.0
9.79166666667,3.0
9.83333333333,nan
9.875,1.0
9.91666666667,2.0
9.95833333333,3.0
10.0,2.0
10.0416666667,nan
10.0833333333,5.0
10.125,2.0
