0.0,64.0
0.0416666666667,151.0
0.0833333333333,180.0
0.125,162.0
0.166666666667,184.0
0.208333333333,161.0
0.25,190.0
0.291666666667,272.0
0.333333333333,232.0
0.375,242.0
0.416666666667,250.0
0.458333333333,190.0
0.5,194.0
0.541666666667,202.0
0.583333333333,156.0
0.625,85.0
0.666666666667,57.0
0.708333333333,26.0
0.75,13.0
0.791666666667,10.0
0.833333333333,17.0
0.875,35.0
0.916666666667,44.0
0.958333333333,105.0
1.0,135.0
1.04166666667,144.0
1.08333333333,144.0
1.125,193.0
1.16666666667,219.0
1.20833333333,204.0
1.25,216.0
1.29166666667,241.0
1.33333333333,212.0
1.375,266.0
1.41666666667,299.0
1.45833333333,220.0
1.5,226.0
1.54166666667,203.0
1.58333333333,178.0
1.625,109.0
1.66666666667,69.0
1.70833333333,40.0
1.75,25.0
1.79166666667,21.0
1.83333333333,15.0
1.875,55.0
1.91666666667,117.0
1.95833333333,172.0
2.0,299.0
2.04166666667,459.0
2.08333333333,532.0
2.125,465.0
2.16666666667,324.0
2.20833333333,229.0
2.25,209.0
2.29166666667,185.0
2.33333333333,208.0
2.375,195.0
2.41666666667,214.0
2.45833333333,207.0
2.5,147.0
2.54166666667,139.0
2.58333333333,143.0
2.625,91.0
2.66666666667,61.0
2.70833333333,39.0
2.75,17.0
2.79166666667,21.0
2.83333333333,16.0
2.875,26.0
2.91666666667,40.0
2.95833333333,80.0
3.0,89.0
3.04166666667,100.0
3.08333333333,114.0
3.125,179.0
3.16666666667,195.0
3.20833333333,193.0
3.25,237.0
3.29166666667,275.0
3.33333333333,295.0
3.375,308.0
3.41666666667,306.0
3.45833333333,230.0
3.5,261.0
3.54166666667,240.0
3.58333333333,212.0
3.625,136.0
3.66666666667,87.0
3.70833333333,66.0
3.75,36.0
3.79166666667,11.0
3.83333333333,14.0
3.875,17.0
3.91666666667,21.0
3.95833333333,71.0
4.0,85.0
4.04166666667,96.0
4.08333333333,156.0
4.125,168.0
4.16666666667,269.0
4.20833333333,215.0
4.25,259.0
4.29166666667,271.0
4.33333333333,263.0
4.375,258.0
4.41666666667,267.0
4.45833333333,215.0
4.5,250.0
4.54166666667,213.0
4.58333333333,238.0
4.625,151.0
4.66666666667,80.0
4.70833333333,67.0
4.75,41.0
4.79166666667,28.0
4.83333333333,16.0
4.875,16.0
4.91666666667,20.0
4.95833333333,60.0
5.0,66.0
5.04166666667,102.0
5.08333333333,121.0
5.125,123.0
5.16666666667,161.0
5.20833333333,197.0
5.25,159.0
5.29166666667,185.0
5.33333333333,194.0
5.375,228.0
5.41666666667,161.0
5.45833333333,161.0
5.5,162.0
5.54166666667,143.0
5.58333333333,120.0
5.625,58.0
5.66666666667,38.0
5.70833333333,20.0
5.75,12.0
5.79166666667,14.0
5.83333333333,5.0
5.875,22.0
5.91666666667,31.0
5.95833333333,51.0
6.0,86.0
6.04166666667,95.0
6.08333333333,95.0
6.125,104.0
6.16666666667,121.0
6.20833333333,149.0
6.25,141.0
6.29166666667,153.0
6.33333333333,168.0
6.375,162.0
6.41666666667,192.0
6.45833333333,159.0
6.5,123.0
6.54166666667,128.0
6.58333333333,93.0
6.625,61.0
6.66666666667,57.0
6.70833333333,23.0
6.75,5.0
6.79166666667,13.0
6.83333333333,5.0
6.875,17.0
6.91666666667,36.0
6.95833333333,67.0
7.0,80.0
7.04166666667,115.0
7.08333333333,127.0
7.125,122.0
7.16666666667,131.0
7.20833333333,153.0
7.25,121.0
7.29166666667,176.0
7.33333333333,167.0
7.375,192.0
7.41666666667,201.0
7.45833333333,176.0
7.5,181.0
7.54166666667,167.0
7.58333333333,111.0
7.625,82.0
7.66666666667,37.0
7.70833333333,21.0
7.75,16.0
7.79166666667,11.0
7.83333333333,11.0
7.875,22.0
7.91666666667,44.0
7.95833333333,69.0
8.0,110.0
8.04166666667,118.0
8.08333333333,124.0
8.125,158.0
8.16666666667,179.0
8.20833333333,189.0
8.25,220.0
8.29166666667,239.0
8.33333333333,342.0
8.375,337.0
8.41666666667,492.0
8.45833333333,477.0
8.5,439.0
8.54166666667,418.0
8.58333333333,294.0
8.625,148.0
8.66666666667,92.0
8.70833333333,37.0
8.75,14.0
8.79166666667,14.0
8.83333333333,15.0
8.875,37.0
8.91666666667,55.0
8.95833333333,96.0
9.0,141.0
9.04166666667,173.0
9.08333333333,185.0
9.125,176.0
9.16666666667,212.0
9.20833333333,241.0
9.25,178.0
9.29166666667,262.0
9.33333333333,293.0
9.375,371.0
9.41666666667,327.0
9.45833333333,287.0
9.5,315.0
9.54166666667,314.0
9.58333333333,251.0
9.625,161.0
9.66666666667,74.0
9.70833333333,29.0
9.75,22.0
9.79166666667,13.0
9.83333333333,15.0
9.875,25.0
9.91666666667,48.0
9.95833333333,105.0
10.0,163.0
10.0416666667,154.0
10.0833333333,193.0
10.125,195.0
10.1666666667,194.0
10.2083333333,237.0
10.25,247.0
10.2916666667,290.0
10.3333333333,289.0
10.375,351.0
10.4166666667,371.0
