0.0,9.0
0.0416666666667,19.0
0.0833333333333,11.0
0.125,31.0
0.166666666667,30.0
0.208333333333,21.0
0.25,33.0
0.291666666667,33.0
0.333333333333,31.0
0.375,40.0
0.416666666667,47.0
0.458333333333,66.0
0.5,67.0
0.541666666667,83.0
0.583333333333,128.0
0.625,60.0
0.666666666667,32.0
0.708333333333,23.0
0.75,4.0
0.791666666667,3.0
0.833333333333,3.0
0.875,3.0
0.916666666667,12.0
0.958333333333,13.0
1.0,15.0
1.04166666667,22.0
1.08333333333,23.0
1.125,23.0
1.16666666667,29.0
1.20833333333,45.0
1.25,39.0
1.29166666667,27.0
1.33333333333,23.0
1.375,30.0
1.41666666667,35.0
1.45833333333,30.0
1.5,38.0
1.54166666667,42.0
1.58333333333,34.0
1.625,40.0
1.66666666667,31.0
1.70833333333,25.0
1.75,11.0
1.79166666667,9.0
1.83333333333,1.0
1.875,2.0
1.91666666667,6.0
1.95833333333,1.0
2.0,8.0
2.04166666667,22.0
2.08333333333,18.0
2.125,27.0
2.16666666667,29.0
2.20833333333,31.0
2.25,27.0
2.29166666667,25.0
2.33333333333,29.0
2.375,31.0
2.41666666667,27.0
2.45833333333,30.0
2.5,23.0
2.54166666667,21.0
2.58333333333,16.0
2.625,21.0
2.66666666667,11.0
2.70833333333,28.0
2.75,11.0
2.79166666667,6.0
2.83333333333,4.0
2.875,7.0
2.91666666667,4.0
2.95833333333,7.0
3.0,8.0
3.04166666667,14.0
3.08333333333,14.0
3.125,17.0
3.16666666667,26.0
3.20833333333,23.0
3.25,28.0
3.29166666667,43.0
3.33333333333,28.0
3.375,43.0
3.41666666667,44.0
3.45833333333,43.0
3.5,32.0
3.54166666667,50.0
3.58333333333,45.0
3.625,44.0
3.66666666667,46.0
3.70833333333,24.0
3.75,16.0
3.79166666667,13.0
3.83333333333,11.0
3.875,3.0
3.91666666667,2.0
3.95833333333,8.0
4.0,13.0
4.04166666667,15.0
4.08333333333,24.0
4.125,29.0
4.16666666667,33.0
4.20833333333,34.0
4.25,26.0
4.29166666667,42.0
4.33333333333,41.0
4.375,61.0
4.41666666667,51.0
4.45833333333,49.0
4.5,49.0
4.54166666667,49.0
4.58333333333,48.0
4.625,46.0
4.66666666667,21.0
4.70833333333,23.0
4.75,10.0
4.79166666667,9.0
4.83333333333,1.0
4.875,2.0
4.91666666667,3.0
4.95833333333,5.0
5.0,6.0
5.04166666667,20.0
5.08333333333,27.0
5.125,19.0
5.16666666667,29.0
5.20833333333,29.0
5.25,32.0
5.29166666667,35.0
5.33333333333,39.0
5.375,39.0
5.41666666667,40.0
5.45833333333,36.0
5.5,28.0
5.54166666667,24.0
5.58333333333,29.0
5.625,21.0
5.66666666667,5.0
5.70833333333,9.0
5.75,4.0
5.79166666667,1.0
5.83333333333,2.0
5.875,2.0
5.91666666667,7.0
5.95833333333,9.0
6.0,11.0
6.04166666667,7.0
6.08333333333,13.0
6.125,19.0
6.16666666667,18.0
6.20833333333,20.0
6.25,17.0
6.29166666667,19.0
6.33333333333,38.0
6.375,26.0
6.41666666667,34.0
6.45833333333,29.0
6.5,32.0
6.54166666667,33.0
6.58333333333,21.0
6.625,17.0
6.66666666667,15.0
6.70833333333,8.0
6.75,2.0
6.79166666667,2.0
6.83333333333,1.0
6.875,1.0
6.91666666667,5.0
6.95833333333,5.0
7.0,16.0
7.04166666667,16.0
7.08333333333,17.0
7.125,16.0
7.16666666667,15.0
7.20833333333,24.0
7.25,21.0
7.29166666667,25.0
7.33333333333,31.0
7.375,37.0
7.41666666667,41.0
7.45833333333,33.0
7.5,34.0
7.54166666667,38.0
7.58333333333,41.0
7.625,18.0
7.66666666667,16.0
7.70833333333,11.0
7.75,2.0
7.79166666667,2.0
7.83333333333,nan
7.875,5.0
7.91666666667,6.0
7.95833333333,11.0
8.0,11.0
8.04166666667,13.0
8.08333333333,18.0
8.125,21.0
8.16666666667,22.0
8.20833333333,29.0
8.25,31.0
8.29166666667,37.0
8.33333333333,36.0
8.375,33.0
8.41666666667,35.0
8.45833333333,43.0
8.5,43.0
8.54166666667,49.0
8.58333333333,40.0
8.625,27.0
8.66666666667,12.0
8.70833333333,13.0
8.75,1.0
8.79166666667,5.0
8.83333333333,1.0
8.875,5.0
8.91666666667,9.0
8.95833333333,10.0
9.0,13.0
9.04166666667,22.0
9.08333333333,18.0
9.125,24.0
9.16666666667,27.0
9.20833333333,33.0
9.25,20.0
9.29166666667,26.0
9.33333333333,43.0
9.375,48.0
9.41666666667,38.0
9.45833333333,57.0
9.5,112.0
9.54166666667,87.0
9.58333333333,41.0
9.625,29.0
9.66666666667,21.0
9.70833333333,12.0
9.75,6.0
9.79166666667,3.0
9.83333333333,1.0
9.875,2.0
9.91666666667,6.0
9.95833333333,18.0
10.0,17.0
10.0416666667,22.0
10.0833333333,20.0
10.125,33.0
10.1666666667,22.0
10.2083333333,33.0
10.25,33.0
10.2916666667,31.0
10.3333333333,33.0
10.375,51.0
