0.0,1.0
0.0416666666667,nan
0.0833333333333,2.0
0.125,4.0
0.166666666667,1.0
0.208333333333,1.0
0.25,nan
0.291666666667,2.0
0.333333333333,nan
0.375,1.0
0.416666666667,3.0
0.458333333333,1.0
0.5,nan
0.541666666667,1.0
0.583333333333,nan
0.625,nan
0.666666666667,nan
0.708333333333,nan
0.75,1.0
0.791666666667,nan
0.833333333333,nan
0.875,nan
0.916666666667,1.0
0.958333333333,2.0
1.0,nan
1.04166666667,3.0
1.08333333333,4.0
1.125,1.0
1.16666666667,nan
1.20833333333,nan
1.25,2.0
1.29166666667,2.0
1.33333333333,2.0
1.375,2.0
1.41666666667,1.0
1.45833333333,3.0
1.5,4.0
1.54166666667,1.0
1.58333333333,nan
1.625,nan
1.66666666667,nan
1.70833333333,nan
1.75,nan
1.79166666667,1.0
1.83333333333,1.0
1.875,nan
1.91666666667,1.0
1.95833333333,2.0
2.0,3.0
2.04166666667,2.0
2.08333333333,6.0
2.125,3.0
2.16666666667,5.0
2.20833333333,6.0
2.25,4.0
2.29166666667,4.0
2.33333333333,8.0
2.375,4.0
2.41666666667,1.0
2.45833333333,3.0
2.5,1.0
2.54166666667,1.0
2.58333333333,2.0
2.625,nan
2.66666666667,nan
2.70833333333,nan
2.75,nan
2.79166666667,nan
2.83333333333,nan
2.875,1.0
2.91666666667,1.0
2.95833333333,nan
3.0,nan
3.04166666667,3.0
3.08333333333,2.0
3.125,1.0
3.16666666667,3.0
3.20833333333,nan
3.25,nan
3.29166666667,nan
3.33333333333,2.0
3.375,2.0
3.41666666667,1.0
3.45833333333,3.0
3.5,2.0
3.54166666667,2.0
3.58333333333,nan
3.625,nan
3.66666666667,nan
3.70833333333,nan
3.75,nan
3.79166666667,1.0
3.83333333333,2.0
3.875,2.0
3.91666666667,3.0
3.95833333333,2.0
4.0,1.0
4.04166666667,nan
4.08333333333,3.0
4.125,4.0
4.16666666667,2.0
4.20833333333,4.0
4.25,4.0
4.29166666667,3.0
4.33333333333,1.0
4.375,5.0
4.41666666667,2.0
4.45833333333,3.0
4.5,1.0
4.54166666667,2.0
4.58333333333,1.0
4.625,nan
4.66666666667,nan
4.70833333333,nan
4.75,nan
4.79166666667,1.0
4.83333333333,nan
4.875,1.0
4.91666666667,nan
4.95833333333,nan
5.0,1.0
5.04166666667,3.0
5.08333333333,4.0
5.125,2.0
5.16666666667,2.0
5.20833333333,1.0
5.25,4.0
5.29166666667,3.0
5.33333333333,2.0
5.375,2.0
5.41666666667,1.0
5.45833333333,2.0
5.5,nan
5.54166666667,nan
5.58333333333,nan
5.625,nan
5.66666666667,nan
5.70833333333,1.0
5.75,nan
5.79166666667,nan
5.83333333333,1.0
5.875,nan
5.91666666667,nan
5.95833333333,nan
6.0,1.0
6.04166666667,2.0
6.08333333333,nan
6.125,1.0
6.16666666667,1.0
6.20833333333,nan
6.25,nan
6.29166666667,nan
6.33333333333,2.0
6.375,nan
6.41666666667,1.0
6.45833333333,4.0
6.5,2.0
6.54166666667,nan
6.58333333333,1.0
6.625,nan
6.66666666667,nan
6.70833333333,nan
6.75,nan
6.79166666667,nan
6.83333333333,nan
6.875,nan
6.91666666667,nan
6.95833333333,1.0
7.0,1.0
7.04166666667,1.0
7.08333333333,nan
7.125,3.0
7.16666666667,1.0
7.20833333333,5.0
7.25,nan
7.29166666667,2.0
7.33333333333,2.0
7.375,1.0
7.41666666667,2.0
7.45833333333,4.0
7.5,1.0
7.54166666667,nan
7.58333333333,nan
7.625,nan
7.66666666667,nan
7.70833333333,nan
7.75,1.0
7.79166666667,1.0
7.83333333333,1.0
7.875,nan
7.91666666667,nan
7.95833333333,1.0
8.0,1.0
8.04166666667,nan
8.08333333333,nan
8.125,nan
8.16666666667,nan
8.20833333333,nan
8.25,1.0
8.29166666667,1.0
8.33333333333,2.0
8.375,1.0
8.41666666667,1.0
8.45833333333,1.0
8.5,nan
8.54166666667,nan
8.58333333333,1.0
8.625,1.0
8.66666666667,1.0
8.70833333333,1.0
8.75,nan
8.79166666667,nan
8.83333333333,nan
8.875,1.0
8.91666666667,1.0
8.95833333333,1.0
9.0,1.0
9.04166666667,1.0
9.08333333333,nan
9.125,1.0
9.16666666667,3.0
9.20833333333,3.0
9.25,3.0
9.29166666667,2.0
9.33333333333,nan
9.375,3.0
9.41666666667,nan
9.45833333333,2.0
9.5,3.0
9.54166666667,nan
9.58333333333,nan
9.625,nan
9.66666666667,nan
9.70833333333,nan
9.75,nan
9.79166666667,nan
9.83333333333,1.0
9.875,nan
9.91666666667,1.0
9.95833333333,2.0
10.0,nan
10.0416666667,nan
10.0833333333,nan
10.125,nan
10.1666666667,1.0
10.2083333333,nan
10.25,2.0
10.2916666667,nan
10.3333333333,1.0
10.375,2.0
10.4166666667,nan
10.4583333333,2.0
10.5,1.0
10.5416666667,2.0
10.5833333333,nan
10.625,1.0
10.6666666667,nan
10.7083333333,nan
10.75,nan
10.7916666667,nan
10.8333333333,nan
10.875,2.0
10.9166666667,nan
10.9583333333,1.0
11.0,3.0
11.0416666667,3.0
11.0833333333,1.0
11.125,nan
11.1666666667,nan
11.2083333333,2.0
11.25,3.0
11.2916666667,1.0
11.3333333333,2.0
11.375,1.0
11.4166666667,1.0
11.4583333333,4.0
11.5,4.0
11.5416666667,3.0
11.5833333333,1.0
11.625,nan
11.6666666667,nan
11.7083333333,nan
11.75,1.0
11.7916666667,1.0
11.8333333333,nan
11.875,nan
11.9166666667,1.0
11.9583333333,2.0
12.0,1.0
12.0416666667,1.0
12.0833333333,2.0
12.125,1.0
12.1666666667,1.0
12.2083333333,2.0
12.25,3.0
12.2916666667,4.0
12.3333333333,nan
12.375,2.0
12.4166666667,3.0
12.4583333333,2.0
12.5,1.0
12.5416666667,3.0
12.5833333333,nan
12.625,nan
12.6666666667,nan
12.7083333333,nan
12.75,nan
12.7916666667,nan
12.8333333333,nan
12.875,1.0
12.9166666667,nan
12.9583333333,1.0
13.0,1.0
13.0416666667,1.0
13.0833333333,1.0
13.125,nan
13.1666666667,nan
13.2083333333,2.0
13.25,2.0
13.2916666667,1.0
13.3333333333,nan
13.375,3.0
13.4166666667,2.0
13.4583333333,1.0
13.5,nan
13.5416666667,1.0
13.5833333333,nan
13.625,nan
13.6666666667,nan
13.7083333333,nan
13.75,nan
13.7916666667,nan
13.8333333333,nan
13.875,nan
13.9166666667,nan
13.9583333333,nan
14.0,nan
14.0416666667,nan
14.0833333333,nan
14.125,nan
14.1666666667,nan
14.2083333333,nan
14.25,nan
14.2916666667,nan
14.3333333333,nan
14.375,nan
14.4166666667,nan
14.4583333333,nan
14.5,nan
14.5416666667,nan
14.5833333333,nan
14.625,nan
14.6666666667,nan
14.7083333333,nan
14.75,nan
14.7916666667,nan
14.8333333333,nan
14.875,nan
14.9166666667,nan
14.9583333333,nan
15.0,nan
15.0416666667,nan
15.0833333333,nan
15.125,nan
15.1666666667,nan
15.2083333333,nan
15.25,nan
15.2916666667,nan
15.3333333333,nan
15.375,nan
15.4166666667,nan
15.4583333333,nan
15.5,nan
15.5416666667,nan
15.5833333333,nan
15.625,nan
15.6666666667,nan
15.7083333333,nan
15.75,nan
15.7916666667,nan
15.8333333333,nan
15.875,nan
15.9166666667,nan
15.9583333333,nan
16.0,nan
16.0416666667,nan
16.0833333333,nan
16.125,nan
16.1666666667,nan
16.2083333333,nan
16.25,nan
16.2916666667,nan
16.3333333333,nan
16.375,nan
16.4166666667,nan
16.4583333333,nan
16.5,nan
16.5416666667,nan
16.5833333333,nan
16.625,nan
16.6666666667,nan
16.7083333333,nan
16.75,nan
16.7916666667,nan
16.8333333333,nan
16.875,nan
16.9166666667,nan
16.9583333333,nan
17.0,nan
17.0416666667,nan
17.0833333333,nan
17.125,nan
17.1666666667,nan
17.2083333333,nan
17.25,nan
17.2916666667,nan
17.3333333333,nan
17.375,nan
17.4166666667,nan
17.4583333333,nan
17.5,nan
17.5416666667,nan
17.5833333333,nan
17.625,nan
17.6666666667,nan
17.7083333333,nan
17.75,nan
17.7916666667,nan
17.8333333333,nan
17.875,nan
17.9166666667,nan
17.9583333333,nan
18.0,nan
18.0416666667,nan
18.0833333333,nan
18.125,nan
18.1666666667,nan
18.2083333333,nan
18.25,nan
18.2916666667,nan
18.3333333333,nan
18.375,nan
18.4166666667,nan
18.4583333333,nan
18.5,nan
18.5416666667,nan
18.5833333333,nan
18.625,nan
18.6666666667,nan
18.7083333333,nan
18.75,nan
18.7916666667,nan
18.8333333333,nan
18.875,nan
18.9166666667,nan
18.9583333333,nan
19.0,nan
19.0416666667,nan
19.0833333333,nan
19.125,nan
19.1666666667,nan
19.2083333333,nan
19.25,nan
19.2916666667,nan
19.3333333333,nan
19.375,nan
19.4166666667,nan
19.4583333333,nan
19.5,nan
19.5416666667,nan
19.5833333333,nan
19.625,nan
19.6666666667,nan
19.7083333333,nan
19.75,nan
19.7916666667,nan
19.8333333333,nan
19.875,nan
19.9166666667,nan
19.9583333333,nan
20.0,nan
20.0416666667,nan
20.0833333333,nan
20.125,nan
20.1666666667,nan
20.2083333333,nan
20.25,nan
20.2916666667,nan
20.3333333333,nan
20.375,nan
20.4166666667,nan
20.4583333333,nan
20.5,nan
20.5416666667,nan
20.5833333333,nan
20.625,nan
20.6666666667,nan
20.7083333333,nan
20.75,nan
20.7916666667,nan
20.8333333333,nan
20.875,nan
20.9166666667,nan
20.9583333333,nan
21.0,nan
21.0416666667,nan
21.0833333333,nan
21.125,nan
21.1666666667,nan
21.2083333333,nan
21.25,nan
21.2916666667,nan
21.3333333333,nan
21.375,nan
21.4166666667,nan
21.4583333333,nan
21.5,nan
21.5416666667,nan
21.5833333333,nan
21.625,nan
21.6666666667,nan
21.7083333333,nan
21.75,nan
21.7916666667,nan
21.8333333333,nan
21.875,nan
21.9166666667,nan
21.9583333333,nan
22.0,nan
22.0416666667,nan
22.0833333333,nan
22.125,nan
22.1666666667,nan
22.2083333333,nan
22.25,nan
22.2916666667,nan
22.3333333333,nan
22.375,nan
22.4166666667,nan
22.4583333333,nan
22.5,nan
22.5416666667,nan
22.5833333333,nan
22.625,nan
22.6666666667,nan
22.7083333333,nan
22.75,nan
22.7916666667,nan
22.8333333333,nan
22.875,nan
22.9166666667,nan
22.9583333333,nan
23.0,nan
23.0416666667,nan
23.0833333333,nan
23.125,nan
23.1666666667,nan
23.2083333333,nan
23.25,nan
23.2916666667,nan
23.3333333333,nan
23.375,nan
23.4166666667,nan
23.4583333333,nan
23.5,nan
23.5416666667,nan
23.5833333333,nan
23.625,nan
23.6666666667,nan
23.7083333333,nan
23.75,nan
23.7916666667,nan
23.8333333333,nan
23.875,nan
23.9166666667,nan
23.9583333333,nan
24.0,nan
24.0416666667,nan
24.0833333333,nan
24.125,nan
24.1666666667,nan
24.2083333333,nan
24.25,nan
24.2916666667,nan
24.3333333333,nan
24.375,nan
24.4166666667,nan
24.4583333333,nan
24.5,nan
24.5416666667,nan
24.5833333333,nan
24.625,nan
24.6666666667,nan
24.7083333333,nan
24.75,nan
24.7916666667,nan
24.8333333333,nan
24.875,nan
24.9166666667,nan
24.9583333333,nan
25.0,nan
25.0416666667,nan
25.0833333333,nan
25.125,nan
25.1666666667,nan
25.2083333333,nan
25.25,nan
25.2916666667,nan
25.3333333333,nan
25.375,nan
25.4166666667,nan
25.4583333333,nan
25.5,nan
25.5416666667,nan
25.5833333333,nan
25.625,nan
25.6666666667,nan
25.7083333333,nan
25.75,nan
25.7916666667,nan
25.8333333333,nan
25.875,nan
25.9166666667,nan
25.9583333333,nan
26.0,nan
26.0416666667,nan
26.0833333333,nan
26.125,nan
26.1666666667,nan
26.2083333333,nan
26.25,nan
26.2916666667,nan
26.3333333333,nan
26.375,nan
26.4166666667,nan
26.4583333333,nan
26.5,nan
26.5416666667,nan
26.5833333333,nan
26.625,nan
26.6666666667,nan
26.7083333333,nan
26.75,nan
26.7916666667,nan
26.8333333333,nan
26.875,nan
26.9166666667,nan
26.9583333333,nan
27.0,nan
27.0416666667,nan
27.0833333333,nan
27.125,nan
27.1666666667,nan
27.2083333333,nan
27.25,nan
27.2916666667,nan
27.3333333333,nan
27.375,nan
27.4166666667,nan
27.4583333333,nan
27.5,nan
27.5416666667,nan
27.5833333333,nan
27.625,nan
27.6666666667,nan
27.7083333333,nan
27.75,nan
27.7916666667,nan
27.8333333333,nan
27.875,nan
27.9166666667,nan
27.9583333333,nan
28.0,nan
28.0416666667,nan
28.0833333333,nan
28.125,nan
28.1666666667,nan
28.2083333333,nan
28.25,nan
28.2916666667,nan
28.3333333333,nan
28.375,nan
28.4166666667,nan
28.4583333333,nan
28.5,nan
28.5416666667,nan
28.5833333333,nan
28.625,nan
28.6666666667,nan
28.7083333333,nan
28.75,nan
28.7916666667,nan
28.8333333333,nan
28.875,nan
28.9166666667,nan
28.9583333333,nan
29.0,nan
29.0416666667,nan
29.0833333333,nan
29.125,nan
29.1666666667,nan
29.2083333333,nan
29.25,nan
29.2916666667,nan
29.3333333333,nan
29.375,nan
29.4166666667,nan
29.4583333333,nan
29.5,nan
29.5416666667,nan
29.5833333333,nan
29.625,nan
29.6666666667,nan
29.7083333333,nan
29.75,nan
29.7916666667,nan
29.8333333333,nan
29.875,nan
29.9166666667,nan
29.9583333333,nan
30.0,nan
30.0416666667,nan
30.0833333333,nan
30.125,nan
30.1666666667,nan
30.2083333333,nan
30.25,nan
30.2916666667,nan
30.3333333333,nan
30.375,nan
30.4166666667,nan
30.4583333333,nan
30.5,3.0
30.5416666667,1.0
30.5833333333,1.0
30.625,nan
30.6666666667,nan
30.7083333333,nan
30.75,nan
30.7916666667,1.0
30.8333333333,nan
30.875,nan
30.9166666667,3.0
30.9583333333,1.0
31.0,2.0
31.0416666667,1.0
31.0833333333,nan
31.125,2.0
31.1666666667,1.0
31.2083333333,nan
31.25,2.0
31.2916666667,5.0
31.3333333333,5.0
31.375,2.0
31.4166666667,3.0
31.4583333333,1.0
31.5,2.0
31.5416666667,nan
31.5833333333,1.0
31.625,1.0
31.6666666667,nan
31.7083333333,nan
31.75,1.0
31.7916666667,1.0
31.8333333333,2.0
31.875,nan
31.9166666667,nan
31.9583333333,nan
32.0,nan
32.0416666667,nan
32.0833333333,nan
32.125,nan
32.1666666667,nan
32.2083333333,4.0
32.25,1.0
32.2916666667,1.0
32.3333333333,4.0
32.375,4.0
32.4166666667,2.0
32.4583333333,3.0
32.5,nan
32.5416666667,1.0
32.5833333333,nan
32.625,nan
32.6666666667,nan
32.7083333333,1.0
32.75,nan
32.7916666667,1.0
32.8333333333,1.0
32.875,3.0
32.9166666667,2.0
32.9583333333,2.0
33.0,1.0
33.0416666667,6.0
33.0833333333,4.0
33.125,1.0
33.1666666667,1.0
