0.0,8.0
0.0416666666667,27.0
0.0833333333333,14.0
0.125,31.0
0.166666666667,31.0
0.208333333333,36.0
0.25,36.0
0.291666666667,25.0
0.333333333333,30.0
0.375,30.0
0.416666666667,27.0
0.458333333333,30.0
0.5,32.0
0.541666666667,35.0
0.583333333333,30.0
0.625,13.0
0.666666666667,6.0
0.708333333333,2.0
0.75,1.0
0.791666666667,nan
0.833333333333,nan
0.875,2.0
0.916666666667,7.0
0.958333333333,10.0
1.0,9.0
1.04166666667,18.0
1.08333333333,19.0
1.125,22.0
1.16666666667,28.0
1.20833333333,30.0
1.25,34.0
1.29166666667,38.0
1.33333333333,27.0
1.375,27.0
1.41666666667,42.0
1.45833333333,25.0
1.5,21.0
1.54166666667,27.0
1.58333333333,17.0
1.625,11.0
1.66666666667,6.0
1.70833333333,5.0
1.75,nan
1.79166666667,3.0
1.83333333333,nan
1.875,nan
1.91666666667,9.0
1.95833333333,2.0
2.0,2.0
2.04166666667,14.0
2.08333333333,17.0
2.125,19.0
2.16666666667,14.0
2.20833333333,16.0
2.25,20.0
2.29166666667,14.0
2.33333333333,19.0
2.375,20.0
2.41666666667,20.0
2.45833333333,19.0
2.5,12.0
2.54166666667,19.0
2.58333333333,11.0
2.625,4.0
2.66666666667,5.0
2.70833333333,3.0
2.75,3.0
2.79166666667,nan
2.83333333333,2.0
2.875,1.0
2.91666666667,2.0
2.95833333333,2.0
3.0,5.0
3.04166666667,5.0
3.08333333333,10.0
3.125,16.0
3.16666666667,23.0
3.20833333333,31.0
3.25,26.0
3.29166666667,18.0
3.33333333333,24.0
3.375,20.0
3.41666666667,18.0
3.45833333333,27.0
3.5,21.0
3.54166666667,22.0
3.58333333333,14.0
3.625,14.0
3.66666666667,7.0
3.70833333333,9.0
3.75,1.0
3.79166666667,2.0
3.83333333333,nan
3.875,1.0
3.91666666667,1.0
3.95833333333,2.0
4.0,8.0
4.04166666667,7.0
4.08333333333,9.0
4.125,13.0
4.16666666667,26.0
4.20833333333,28.0
4.25,32.0
4.29166666667,31.0
4.33333333333,32.0
4.375,16.0
4.41666666667,16.0
4.45833333333,24.0
4.5,22.0
4.54166666667,23.0
4.58333333333,22.0
4.625,15.0
4.66666666667,12.0
4.70833333333,6.0
4.75,4.0
4.79166666667,1.0
4.83333333333,nan
4.875,nan
4.91666666667,nan
4.95833333333,7.0
5.0,7.0
5.04166666667,10.0
5.08333333333,16.0
5.125,15.0
5.16666666667,17.0
5.20833333333,21.0
5.25,18.0
5.29166666667,17.0
5.33333333333,33.0
5.375,21.0
5.41666666667,18.0
5.45833333333,22.0
5.5,23.0
5.54166666667,17.0
5.58333333333,15.0
5.625,9.0
5.66666666667,1.0
5.70833333333,5.0
5.75,2.0
5.79166666667,2.0
5.83333333333,2.0
5.875,1.0
5.91666666667,4.0
5.95833333333,4.0
6.0,11.0
6.04166666667,12.0
6.08333333333,14.0
6.125,24.0
6.16666666667,24.0
6.20833333333,17.0
6.25,18.0
6.29166666667,26.0
6.33333333333,38.0
6.375,28.0
6.41666666667,28.0
6.45833333333,30.0
6.5,20.0
6.54166666667,16.0
6.58333333333,10.0
6.625,5.0
6.66666666667,10.0
6.70833333333,2.0
6.75,2.0
6.79166666667,3.0
6.83333333333,1.0
6.875,2.0
6.91666666667,2.0
6.95833333333,5.0
7.0,13.0
7.04166666667,10.0
7.08333333333,16.0
7.125,21.0
7.16666666667,24.0
7.20833333333,34.0
7.25,19.0
7.29166666667,18.0
7.33333333333,29.0
7.375,31.0
7.41666666667,37.0
7.45833333333,29.0
7.5,27.0
7.54166666667,28.0
7.58333333333,21.0
7.625,11.0
7.66666666667,4.0
7.70833333333,5.0
7.75,3.0
7.79166666667,1.0
7.83333333333,nan
7.875,2.0
7.91666666667,4.0
7.95833333333,10.0
8.0,15.0
8.04166666667,20.0
8.08333333333,20.0
8.125,17.0
8.16666666667,29.0
8.20833333333,38.0
8.25,35.0
8.29166666667,34.0
8.33333333333,36.0
8.375,33.0
8.41666666667,35.0
8.45833333333,30.0
8.5,29.0
8.54166666667,22.0
8.58333333333,28.0
8.625,9.0
8.66666666667,5.0
8.70833333333,8.0
8.75,1.0
8.79166666667,4.0
8.83333333333,nan
8.875,2.0
8.91666666667,5.0
8.95833333333,9.0
9.0,12.0
9.04166666667,15.0
9.08333333333,21.0
9.125,33.0
9.16666666667,29.0
9.20833333333,32.0
9.25,34.0
9.29166666667,34.0
9.33333333333,35.0
9.375,31.0
9.41666666667,32.0
9.45833333333,37.0
9.5,38.0
9.54166666667,36.0
9.58333333333,20.0
9.625,14.0
9.66666666667,8.0
9.70833333333,5.0
9.75,2.0
9.79166666667,1.0
9.83333333333,1.0
9.875,4.0
9.91666666667,nan
9.95833333333,6.0
10.0,12.0
10.0416666667,17.0
10.0833333333,18.0
10.125,28.0
10.1666666667,31.0
10.2083333333,31.0
10.25,29.0
10.2916666667,31.0
10.3333333333,27.0
10.375,32.0
10.4166666667,42.0
10.4583333333,49.0
10.5,50.0
10.5416666667,39.0
10.5833333333,27.0
10.625,25.0
10.6666666667,16.0
10.7083333333,6.0
10.75,6.0
10.7916666667,6.0
10.8333333333,1.0
10.875,1.0
10.9166666667,1.0
10.9583333333,3.0
11.0,7.0
11.0416666667,15.0
11.0833333333,24.0
11.125,22.0
11.1666666667,23.0
11.2083333333,38.0
11.25,35.0
11.2916666667,40.0
11.3333333333,41.0
11.375,43.0
11.4166666667,32.0
11.4583333333,37.0
11.5,45.0
11.5416666667,27.0
11.5833333333,30.0
11.625,16.0
11.6666666667,19.0
11.7083333333,10.0
11.75,10.0
11.7916666667,3.0
11.8333333333,2.0
11.875,3.0
11.9166666667,2.0
11.9583333333,3.0
12.0,7.0
12.0416666667,11.0
12.0833333333,29.0
12.125,33.0
12.1666666667,31.0
12.2083333333,30.0
12.25,34.0
12.2916666667,40.0
12.3333333333,31.0
12.375,48.0
12.4166666667,31.0
12.4583333333,29.0
12.5,45.0
12.5416666667,32.0
12.5833333333,20.0
12.625,10.0
12.6666666667,6.0
12.7083333333,3.0
12.75,5.0
12.7916666667,2.0
12.8333333333,2.0
12.875,1.0
12.9166666667,1.0
12.9583333333,8.0
13.0,14.0
13.0416666667,11.0
13.0833333333,23.0
13.125,20.0
13.1666666667,35.0
13.2083333333,36.0
13.25,43.0
13.2916666667,37.0
13.3333333333,31.0
13.375,42.0
13.4166666667,41.0
13.4583333333,49.0
13.5,31.0
13.5416666667,31.0
13.5833333333,21.0
13.625,9.0
13.6666666667,5.0
13.7083333333,3.0
13.75,1.0
13.7916666667,nan
13.8333333333,1.0
13.875,1.0
13.9166666667,3.0
13.9583333333,8.0
14.0,10.0
14.0416666667,nan
14.0833333333,nan
14.125,nan
14.1666666667,nan
14.2083333333,nan
14.25,nan
14.2916666667,nan
14.3333333333,nan
14.375,nan
14.4166666667,nan
14.4583333333,nan
14.5,nan
14.5416666667,nan
14.5833333333,nan
14.625,9.0
14.6666666667,10.0
14.7083333333,5.0
14.75,2.0
14.7916666667,1.0
14.8333333333,1.0
14.875,nan
14.9166666667,6.0
14.9583333333,10.0
15.0,7.0
15.0416666667,9.0
15.0833333333,25.0
15.125,28.0
15.1666666667,37.0
15.2083333333,28.0
15.25,31.0
15.2916666667,23.0
15.3333333333,30.0
15.375,24.0
15.4166666667,36.0
15.4583333333,32.0
15.5,34.0
15.5416666667,28.0
15.5833333333,17.0
15.625,15.0
15.6666666667,11.0
15.7083333333,4.0
15.75,nan
15.7916666667,4.0
15.8333333333,nan
15.875,2.0
15.9166666667,1.0
15.9583333333,6.0
16.0,27.0
16.0416666667,22.0
16.0833333333,28.0
16.125,36.0
16.1666666667,49.0
16.2083333333,34.0
16.25,31.0
16.2916666667,47.0
16.3333333333,40.0
16.375,42.0
16.4166666667,43.0
16.4583333333,34.0
16.5,40.0
16.5416666667,40.0
16.5833333333,24.0
16.625,16.0
16.6666666667,2.0
16.7083333333,4.0
16.75,3.0
16.7916666667,1.0
16.8333333333,2.0
16.875,3.0
16.9166666667,5.0
16.9583333333,2.0
17.0,12.0
17.0416666667,14.0
17.0833333333,11.0
17.125,35.0
17.1666666667,24.0
17.2083333333,25.0
17.25,36.0
17.2916666667,31.0
17.3333333333,42.0
17.375,33.0
17.4166666667,35.0
17.4583333333,34.0
17.5,38.0
17.5416666667,30.0
17.5833333333,25.0
17.625,24.0
17.6666666667,15.0
17.7083333333,7.0
17.75,9.0
17.7916666667,1.0
17.8333333333,nan
17.875,nan
17.9166666667,2.0
17.9583333333,4.0
18.0,10.0
18.0416666667,16.0
18.0833333333,21.0
18.125,36.0
18.1666666667,40.0
18.2083333333,39.0
18.25,46.0
18.2916666667,38.0
18.3333333333,45.0
18.375,41.0
18.4166666667,44.0
18.4583333333,27.0
18.5,41.0
18.5416666667,40.0
18.5833333333,36.0
18.625,23.0
18.6666666667,13.0
18.7083333333,23.0
18.75,8.0
18.7916666667,2.0
18.8333333333,1.0
18.875,1.0
18.9166666667,3.0
18.9583333333,2.0
19.0,7.0
19.0416666667,11.0
19.0833333333,20.0
19.125,27.0
19.1666666667,24.0
19.2083333333,39.0
19.25,33.0
19.2916666667,32.0
19.3333333333,23.0
19.375,33.0
19.4166666667,30.0
19.4583333333,34.0
19.5,27.0
19.5416666667,24.0
19.5833333333,15.0
19.625,11.0
19.6666666667,7.0
19.7083333333,3.0
19.75,2.0
19.7916666667,nan
19.8333333333,2.0
19.875,2.0
19.9166666667,4.0
19.9583333333,8.0
20.0,11.0
20.0416666667,16.0
20.0833333333,20.0
20.125,30.0
20.1666666667,27.0
20.2083333333,28.0
20.25,23.0
20.2916666667,26.0
20.3333333333,23.0
20.375,38.0
20.4166666667,42.0
20.4583333333,38.0
20.5,22.0
20.5416666667,19.0
20.5833333333,18.0
20.625,9.0
20.6666666667,13.0
20.7083333333,11.0
20.75,2.0
20.7916666667,3.0
20.8333333333,1.0
20.875,1.0
20.9166666667,3.0
20.9583333333,8.0
21.0,24.0
21.0416666667,21.0
21.0833333333,22.0
21.125,31.0
21.1666666667,27.0
21.2083333333,27.0
21.25,34.0
21.2916666667,29.0
21.3333333333,27.0
21.375,27.0
21.4166666667,48.0
21.4583333333,59.0
21.5,35.0
21.5416666667,31.0
21.5833333333,18.0
21.625,12.0
21.6666666667,10.0
21.7083333333,4.0
21.75,6.0
21.7916666667,nan
21.8333333333,nan
21.875,3.0
21.9166666667,7.0
21.9583333333,11.0
22.0,18.0
22.0416666667,19.0
22.0833333333,36.0
22.125,23.0
22.1666666667,30.0
22.2083333333,24.0
22.25,35.0
22.2916666667,35.0
22.3333333333,20.0
22.375,33.0
22.4166666667,48.0
22.4583333333,42.0
22.5,34.0
22.5416666667,31.0
22.5833333333,25.0
22.625,13.0
22.6666666667,14.0
22.7083333333,5.0
22.75,3.0
22.7916666667,4.0
22.8333333333,nan
22.875,2.0
22.9166666667,6.0
22.9583333333,9.0
23.0,29.0
23.0416666667,20.0
23.0833333333,33.0
23.125,40.0
23.1666666667,28.0
23.2083333333,45.0
23.25,32.0
23.2916666667,40.0
23.3333333333,26.0
23.375,43.0
23.4166666667,36.0
23.4583333333,56.0
23.5,42.0
23.5416666667,22.0
23.5833333333,28.0
23.625,14.0
23.6666666667,15.0
23.7083333333,11.0
23.75,6.0
23.7916666667,nan
23.8333333333,1.0
23.875,4.0
23.9166666667,5.0
23.9583333333,7.0
24.0,9.0
24.0416666667,20.0
24.0833333333,26.0
24.125,41.0
24.1666666667,35.0
24.2083333333,45.0
24.25,58.0
24.2916666667,39.0
24.3333333333,36.0
24.375,42.0
24.4166666667,39.0
24.4583333333,31.0
24.5,43.0
24.5416666667,36.0
24.5833333333,44.0
24.625,23.0
24.6666666667,11.0
24.7083333333,18.0
24.75,5.0
24.7916666667,1.0
24.8333333333,nan
24.875,nan
24.9166666667,nan
24.9583333333,nan
25.0,nan
25.0416666667,nan
25.0833333333,nan
25.125,nan
25.1666666667,1.0
25.2083333333,nan
25.25,40.0
25.2916666667,45.0
25.3333333333,42.0
25.375,46.0
25.4166666667,37.0
25.4583333333,29.0
25.5,30.0
25.5416666667,37.0
25.5833333333,32.0
25.625,23.0
25.6666666667,19.0
25.7083333333,9.0
25.75,11.0
25.7916666667,4.0
25.8333333333,nan
25.875,nan
25.9166666667,4.0
25.9583333333,5.0
26.0,7.0
26.0416666667,9.0
26.0833333333,18.0
26.125,20.0
26.1666666667,23.0
26.2083333333,27.0
26.25,39.0
26.2916666667,40.0
26.3333333333,40.0
26.375,27.0
26.4166666667,37.0
26.4583333333,36.0
26.5,33.0
26.5416666667,37.0
26.5833333333,12.0
26.625,14.0
26.6666666667,9.0
26.7083333333,6.0
26.75,3.0
26.7916666667,2.0
26.8333333333,2.0
26.875,4.0
26.9166666667,4.0
26.9583333333,9.0
27.0,8.0
27.0416666667,16.0
27.0833333333,19.0
27.125,24.0
27.1666666667,29.0
27.2083333333,20.0
27.25,28.0
27.2916666667,35.0
27.3333333333,41.0
27.375,52.0
27.4166666667,48.0
27.4583333333,49.0
27.5,28.0
27.5416666667,26.0
27.5833333333,14.0
27.625,10.0
27.6666666667,6.0
27.7083333333,4.0
27.75,1.0
27.7916666667,3.0
27.8333333333,1.0
27.875,2.0
27.9166666667,3.0
27.9583333333,9.0
28.0,10.0
28.0416666667,13.0
28.0833333333,23.0
28.125,19.0
28.1666666667,25.0
28.2083333333,24.0
28.25,32.0
28.2916666667,48.0
28.3333333333,20.0
28.375,28.0
28.4166666667,28.0
28.4583333333,29.0
28.5,30.0
28.5416666667,30.0
28.5833333333,18.0
28.625,14.0
28.6666666667,11.0
28.7083333333,4.0
28.75,3.0
28.7916666667,3.0
28.8333333333,nan
28.875,3.0
28.9166666667,8.0
28.9583333333,5.0
29.0,10.0
29.0416666667,10.0
29.0833333333,13.0
29.125,25.0
29.1666666667,26.0
29.2083333333,17.0
29.25,23.0
29.2916666667,34.0
29.3333333333,28.0
29.375,32.0
29.4166666667,40.0
29.4583333333,42.0
29.5,43.0
29.5416666667,30.0
29.5833333333,30.0
29.625,5.0
29.6666666667,nan
29.7083333333,nan
29.75,nan
29.7916666667,nan
29.8333333333,nan
29.875,nan
29.9166666667,nan
29.9583333333,nan
30.0,nan
30.0416666667,nan
30.0833333333,nan
30.125,nan
30.1666666667,nan
30.2083333333,nan
30.25,nan
30.2916666667,nan
30.3333333333,nan
30.375,nan
30.4166666667,nan
30.4583333333,nan
30.5,nan
30.5416666667,2.0
30.5833333333,14.0
30.625,7.0
30.6666666667,6.0
30.7083333333,3.0
30.75,1.0
30.7916666667,nan
30.8333333333,nan
30.875,2.0
30.9166666667,1.0
30.9583333333,5.0
31.0,14.0
31.0416666667,12.0
31.0833333333,14.0
31.125,25.0
31.1666666667,21.0
31.2083333333,25.0
31.25,17.0
31.2916666667,29.0
31.3333333333,25.0
31.375,38.0
31.4166666667,26.0
31.4583333333,25.0
31.5,24.0
31.5416666667,31.0
31.5833333333,22.0
31.625,20.0
31.6666666667,11.0
31.7083333333,6.0
31.75,6.0
31.7916666667,5.0
31.8333333333,1.0
31.875,1.0
31.9166666667,2.0
31.9583333333,5.0
32.0,5.0
32.0416666667,1.0
32.0833333333,nan
32.125,nan
32.1666666667,nan
32.2083333333,nan
32.25,nan
32.2916666667,nan
32.3333333333,nan
32.375,24.0
32.4166666667,20.0
32.4583333333,25.0
32.5,21.0
32.5416666667,22.0
32.5833333333,16.0
32.625,20.0
32.6666666667,16.0
32.7083333333,5.0
32.75,4.0
32.7916666667,2.0
32.8333333333,1.0
32.875,2.0
32.9166666667,4.0
32.9583333333,4.0
33.0,2.0
33.0416666667,10.0
33.0833333333,8.0
33.125,14.0
33.1666666667,14.0
33.2083333333,16.0
33.25,26.0
33.2916666667,16.0
