0.0,2.0
0.0416666666667,5.0
0.0833333333333,8.0
0.125,2.0
0.166666666667,3.0
0.208333333333,2.0
0.25,2.0
0.291666666667,4.0
0.333333333333,7.0
0.375,4.0
0.416666666667,5.0
0.458333333333,4.0
0.5,6.0
0.541666666667,8.0
0.583333333333,6.0
0.625,9.0
0.666666666667,1.0
0.708333333333,1.0
0.75,nan
0.791666666667,1.0
0.833333333333,1.0
0.875,nan
0.916666666667,2.0
0.958333333333,1.0
1.0,5.0
1.04166666667,3.0
1.08333333333,7.0
1.125,6.0
1.16666666667,6.0
1.20833333333,4.0
1.25,9.0
1.29166666667,3.0
1.33333333333,8.0
1.375,4.0
1.41666666667,8.0
1.45833333333,7.0
1.5,2.0
1.54166666667,10.0
1.58333333333,13.0
1.625,4.0
1.66666666667,5.0
1.70833333333,1.0
1.75,1.0
1.79166666667,nan
1.83333333333,1.0
1.875,1.0
1.91666666667,nan
1.95833333333,4.0
2.0,2.0
2.04166666667,8.0
2.08333333333,8.0
2.125,9.0
2.16666666667,9.0
2.20833333333,12.0
2.25,11.0
2.29166666667,12.0
2.33333333333,16.0
2.375,16.0
2.41666666667,22.0
2.45833333333,20.0
2.5,9.0
2.54166666667,12.0
2.58333333333,16.0
2.625,5.0
2.66666666667,7.0
2.70833333333,1.0
2.75,nan
2.79166666667,1.0
2.83333333333,nan
2.875,nan
2.91666666667,1.0
2.95833333333,nan
3.0,nan
3.04166666667,3.0
3.08333333333,6.0
3.125,5.0
3.16666666667,7.0
3.20833333333,5.0
3.25,5.0
3.29166666667,8.0
3.33333333333,5.0
3.375,3.0
3.41666666667,7.0
3.45833333333,6.0
3.5,5.0
3.54166666667,5.0
3.58333333333,10.0
3.625,6.0
3.66666666667,9.0
3.70833333333,3.0
3.75,2.0
3.79166666667,1.0
3.83333333333,2.0
3.875,nan
3.91666666667,1.0
3.95833333333,nan
4.0,3.0
4.04166666667,1.0
4.08333333333,4.0
4.125,4.0
4.16666666667,4.0
4.20833333333,2.0
4.25,4.0
4.29166666667,8.0
4.33333333333,1.0
4.375,7.0
4.41666666667,4.0
4.45833333333,8.0
4.5,8.0
4.54166666667,8.0
4.58333333333,6.0
4.625,5.0
4.66666666667,4.0
4.70833333333,2.0
4.75,1.0
4.79166666667,1.0
4.83333333333,1.0
4.875,1.0
4.91666666667,nan
4.95833333333,nan
5.0,4.0
5.04166666667,3.0
5.08333333333,2.0
5.125,6.0
5.16666666667,17.0
5.20833333333,3.0
5.25,9.0
5.29166666667,3.0
5.33333333333,9.0
5.375,10.0
5.41666666667,13.0
5.45833333333,8.0
5.5,6.0
5.54166666667,6.0
5.58333333333,5.0
5.625,2.0
5.66666666667,4.0
5.70833333333,1.0
5.75,1.0
5.79166666667,1.0
5.83333333333,nan
5.875,1.0
5.91666666667,nan
5.95833333333,3.0
6.0,1.0
6.04166666667,2.0
6.08333333333,3.0
6.125,2.0
6.16666666667,2.0
6.20833333333,2.0
6.25,2.0
6.29166666667,4.0
6.33333333333,3.0
6.375,2.0
6.41666666667,5.0
6.45833333333,5.0
6.5,6.0
6.54166666667,8.0
6.58333333333,6.0
6.625,2.0
6.66666666667,4.0
6.70833333333,2.0
6.75,nan
6.79166666667,1.0
6.83333333333,nan
6.875,1.0
6.91666666667,3.0
6.95833333333,2.0
7.0,1.0
7.04166666667,2.0
7.08333333333,4.0
7.125,4.0
7.16666666667,4.0
7.20833333333,3.0
7.25,6.0
7.29166666667,8.0
7.33333333333,2.0
7.375,5.0
7.41666666667,1.0
7.45833333333,8.0
7.5,7.0
7.54166666667,10.0
7.58333333333,13.0
7.625,8.0
7.66666666667,2.0
7.70833333333,nan
7.75,nan
7.79166666667,nan
7.83333333333,nan
7.875,nan
7.91666666667,3.0
7.95833333333,6.0
8.0,1.0
8.04166666667,nan
8.08333333333,2.0
8.125,4.0
8.16666666667,2.0
8.20833333333,3.0
8.25,4.0
8.29166666667,3.0
8.33333333333,10.0
8.375,9.0
8.41666666667,7.0
8.45833333333,5.0
8.5,15.0
8.54166666667,12.0
8.58333333333,3.0
8.625,6.0
8.66666666667,3.0
8.70833333333,1.0
8.75,nan
8.79166666667,nan
8.83333333333,nan
8.875,nan
8.91666666667,2.0
8.95833333333,2.0
9.0,nan
9.04166666667,1.0
9.08333333333,2.0
9.125,6.0
9.16666666667,3.0
9.20833333333,1.0
9.25,1.0
9.29166666667,5.0
9.33333333333,7.0
9.375,7.0
9.41666666667,7.0
9.45833333333,15.0
9.5,8.0
9.54166666667,7.0
9.58333333333,11.0
9.625,9.0
9.66666666667,3.0
9.70833333333,2.0
9.75,1.0
9.79166666667,nan
9.83333333333,nan
9.875,1.0
9.91666666667,1.0
9.95833333333,nan
10.0,2.0
10.0416666667,nan
10.0833333333,5.0
10.125,5.0
10.1666666667,3.0
10.2083333333,3.0
10.25,4.0
10.2916666667,3.0
10.3333333333,11.0
10.375,7.0
10.4166666667,5.0
10.4583333333,11.0
10.5,8.0
10.5416666667,15.0
10.5833333333,4.0
10.625,4.0
10.6666666667,9.0
10.7083333333,7.0
10.75,1.0
10.7916666667,4.0
10.8333333333,1.0
10.875,2.0
10.9166666667,nan
10.9583333333,2.0
11.0,1.0
11.0416666667,5.0
11.0833333333,3.0
11.125,7.0
11.1666666667,5.0
11.2083333333,9.0
11.25,12.0
11.2916666667,13.0
11.3333333333,14.0
11.375,16.0
11.4166666667,9.0
11.4583333333,10.0
11.5,13.0
11.5416666667,10.0
11.5833333333,12.0
11.625,10.0
11.6666666667,11.0
11.7083333333,14.0
11.75,4.0
11.7916666667,2.0
11.8333333333,1.0
11.875,nan
11.9166666667,nan
11.9583333333,nan
12.0,1.0
12.0416666667,3.0
12.0833333333,6.0
12.125,5.0
12.1666666667,8.0
12.2083333333,14.0
12.25,11.0
12.2916666667,13.0
12.3333333333,16.0
12.375,11.0
12.4166666667,14.0
12.4583333333,16.0
12.5,9.0
12.5416666667,7.0
12.5833333333,12.0
12.625,5.0
12.6666666667,3.0
12.7083333333,2.0
12.75,1.0
12.7916666667,nan
12.8333333333,nan
12.875,nan
12.9166666667,2.0
12.9583333333,2.0
13.0,3.0
13.0416666667,3.0
13.0833333333,2.0
13.125,4.0
13.1666666667,7.0
13.2083333333,2.0
13.25,4.0
13.2916666667,9.0
13.3333333333,7.0
13.375,2.0
13.4166666667,7.0
13.4583333333,12.0
13.5,9.0
13.5416666667,5.0
13.5833333333,7.0
13.625,6.0
13.6666666667,5.0
13.7083333333,1.0
13.75,nan
13.7916666667,nan
13.8333333333,nan
13.875,nan
13.9166666667,nan
13.9583333333,nan
14.0,nan
14.0416666667,nan
14.0833333333,nan
14.125,nan
14.1666666667,nan
14.2083333333,nan
14.25,nan
14.2916666667,nan
14.3333333333,nan
14.375,nan
14.4166666667,nan
14.4583333333,nan
14.5,nan
14.5416666667,nan
14.5833333333,nan
14.625,2.0
14.6666666667,1.0
14.7083333333,1.0
14.75,nan
14.7916666667,1.0
14.8333333333,nan
14.875,nan
14.9166666667,1.0
14.9583333333,2.0
15.0,5.0
15.0416666667,1.0
15.0833333333,1.0
15.125,5.0
15.1666666667,7.0
15.2083333333,4.0
15.25,5.0
15.2916666667,1.0
15.3333333333,4.0
15.375,2.0
15.4166666667,5.0
15.4583333333,6.0
15.5,8.0
15.5416666667,10.0
15.5833333333,8.0
15.625,6.0
15.6666666667,4.0
15.7083333333,2.0
15.75,1.0
15.7916666667,2.0
15.8333333333,nan
15.875,nan
15.9166666667,nan
15.9583333333,1.0
16.0,2.0
16.0416666667,8.0
16.0833333333,4.0
16.125,2.0
16.1666666667,8.0
16.2083333333,4.0
16.25,2.0
16.2916666667,3.0
16.3333333333,3.0
16.375,3.0
16.4166666667,5.0
16.4583333333,3.0
16.5,4.0
16.5416666667,8.0
16.5833333333,7.0
16.625,6.0
16.6666666667,1.0
16.7083333333,3.0
16.75,1.0
16.7916666667,1.0
16.8333333333,1.0
16.875,nan
16.9166666667,1.0
16.9583333333,3.0
17.0,6.0
17.0416666667,4.0
17.0833333333,5.0
17.125,2.0
17.1666666667,8.0
17.2083333333,2.0
17.25,6.0
17.2916666667,6.0
17.3333333333,3.0
17.375,2.0
17.4166666667,4.0
17.4583333333,5.0
17.5,4.0
17.5416666667,8.0
17.5833333333,4.0
17.625,11.0
17.6666666667,8.0
17.7083333333,4.0
17.75,5.0
17.7916666667,nan
17.8333333333,nan
17.875,nan
17.9166666667,1.0
17.9583333333,2.0
18.0,4.0
18.0416666667,4.0
18.0833333333,11.0
18.125,3.0
18.1666666667,12.0
18.2083333333,10.0
18.25,10.0
18.2916666667,7.0
18.3333333333,13.0
18.375,15.0
18.4166666667,15.0
18.4583333333,11.0
18.5,16.0
18.5416666667,12.0
18.5833333333,21.0
18.625,22.0
18.6666666667,9.0
18.7083333333,5.0
18.75,6.0
18.7916666667,6.0
18.8333333333,1.0
18.875,nan
18.9166666667,1.0
18.9583333333,2.0
19.0,3.0
19.0416666667,4.0
19.0833333333,7.0
19.125,11.0
19.1666666667,11.0
19.2083333333,5.0
19.25,7.0
19.2916666667,10.0
19.3333333333,8.0
19.375,9.0
19.4166666667,6.0
19.4583333333,7.0
19.5,7.0
19.5416666667,12.0
19.5833333333,9.0
19.625,10.0
19.6666666667,1.0
19.7083333333,nan
19.75,4.0
19.7916666667,nan
19.8333333333,nan
19.875,nan
19.9166666667,3.0
19.9583333333,nan
20.0,5.0
20.0416666667,1.0
20.0833333333,3.0
20.125,1.0
20.1666666667,6.0
20.2083333333,1.0
20.25,3.0
20.2916666667,8.0
20.3333333333,5.0
20.375,2.0
20.4166666667,7.0
20.4583333333,10.0
20.5,15.0
20.5416666667,14.0
20.5833333333,7.0
20.625,9.0
20.6666666667,5.0
20.7083333333,2.0
20.75,1.0
20.7916666667,1.0
20.8333333333,nan
20.875,1.0
20.9166666667,1.0
20.9583333333,1.0
21.0,3.0
21.0416666667,4.0
21.0833333333,3.0
21.125,4.0
21.1666666667,4.0
21.2083333333,5.0
21.25,5.0
21.2916666667,4.0
21.3333333333,6.0
21.375,4.0
21.4166666667,7.0
21.4583333333,9.0
21.5,4.0
21.5416666667,7.0
21.5833333333,7.0
21.625,5.0
21.6666666667,4.0
21.7083333333,1.0
21.75,1.0
21.7916666667,nan
21.8333333333,nan
21.875,1.0
21.9166666667,2.0
21.9583333333,2.0
22.0,2.0
22.0416666667,1.0
22.0833333333,3.0
22.125,3.0
22.1666666667,3.0
22.2083333333,2.0
22.25,4.0
22.2916666667,4.0
22.3333333333,4.0
22.375,7.0
22.4166666667,5.0
22.4583333333,6.0
22.5,10.0
22.5416666667,11.0
22.5833333333,11.0
22.625,8.0
22.6666666667,3.0
22.7083333333,4.0
22.75,nan
22.7916666667,nan
22.8333333333,nan
22.875,nan
22.9166666667,2.0
22.9583333333,1.0
23.0,3.0
23.0416666667,9.0
23.0833333333,1.0
23.125,3.0
23.1666666667,4.0
23.2083333333,2.0
23.25,5.0
23.2916666667,nan
23.3333333333,7.0
23.375,5.0
23.4166666667,6.0
23.4583333333,7.0
23.5,6.0
23.5416666667,9.0
23.5833333333,3.0
23.625,5.0
23.6666666667,9.0
23.7083333333,4.0
23.75,1.0
23.7916666667,nan
23.8333333333,nan
23.875,nan
23.9166666667,nan
23.9583333333,4.0
24.0,nan
24.0416666667,2.0
24.0833333333,4.0
24.125,10.0
24.1666666667,4.0
24.2083333333,1.0
24.25,2.0
24.2916666667,nan
24.3333333333,nan
24.375,nan
24.4166666667,nan
24.4583333333,nan
24.5,nan
24.5416666667,8.0
24.5833333333,4.0
24.625,10.0
24.6666666667,8.0
24.7083333333,4.0
24.75,3.0
24.7916666667,nan
24.8333333333,nan
24.875,1.0
24.9166666667,nan
24.9583333333,1.0
25.0,nan
25.0416666667,nan
25.0833333333,nan
25.125,nan
25.1666666667,nan
25.2083333333,nan
25.25,10.0
25.2916666667,10.0
25.3333333333,3.0
25.375,5.0
25.4166666667,5.0
25.4583333333,7.0
25.5,6.0
25.5416666667,17.0
25.5833333333,19.0
25.625,18.0
25.6666666667,16.0
25.7083333333,8.0
25.75,2.0
25.7916666667,1.0
25.8333333333,nan
25.875,1.0
25.9166666667,nan
25.9583333333,nan
26.0,2.0
26.0416666667,3.0
26.0833333333,4.0
26.125,6.0
26.1666666667,7.0
26.2083333333,8.0
26.25,5.0
26.2916666667,7.0
26.3333333333,9.0
26.375,9.0
26.4166666667,15.0
26.4583333333,11.0
26.5,21.0
26.5416666667,12.0
26.5833333333,10.0
26.625,7.0
26.6666666667,2.0
26.7083333333,2.0
26.75,1.0
26.7916666667,1.0
26.8333333333,1.0
26.875,1.0
26.9166666667,nan
26.9583333333,nan
27.0,nan
27.0416666667,5.0
27.0833333333,5.0
27.125,2.0
27.1666666667,3.0
27.2083333333,2.0
27.25,2.0
27.2916666667,5.0
27.3333333333,1.0
27.375,2.0
27.4166666667,4.0
27.4583333333,7.0
27.5,11.0
27.5416666667,10.0
27.5833333333,4.0
27.625,7.0
27.6666666667,5.0
27.7083333333,5.0
27.75,1.0
27.7916666667,1.0
27.8333333333,nan
27.875,nan
27.9166666667,2.0
27.9583333333,2.0
28.0,2.0
28.0416666667,3.0
28.0833333333,1.0
28.125,3.0
28.1666666667,2.0
28.2083333333,6.0
28.25,3.0
28.2916666667,4.0
28.3333333333,6.0
28.375,6.0
28.4166666667,4.0
28.4583333333,8.0
28.5,8.0
28.5416666667,15.0
28.5833333333,5.0
28.625,4.0
28.6666666667,4.0
28.7083333333,1.0
28.75,2.0
28.7916666667,1.0
28.8333333333,1.0
28.875,2.0
28.9166666667,nan
28.9583333333,3.0
29.0,3.0
29.0416666667,3.0
29.0833333333,1.0
29.125,1.0
29.1666666667,5.0
29.2083333333,2.0
29.25,3.0
29.2916666667,5.0
29.3333333333,1.0
29.375,4.0
29.4166666667,13.0
29.4583333333,11.0
29.5,9.0
29.5416666667,7.0
29.5833333333,6.0
29.625,5.0
29.6666666667,nan
29.7083333333,nan
29.75,nan
29.7916666667,nan
29.8333333333,nan
29.875,nan
29.9166666667,nan
29.9583333333,nan
30.0,nan
30.0416666667,nan
30.0833333333,nan
30.125,nan
30.1666666667,nan
30.2083333333,nan
30.25,nan
30.2916666667,nan
30.3333333333,nan
30.375,nan
30.4166666667,nan
30.4583333333,nan
30.5,nan
30.5416666667,2.0
30.5833333333,7.0
30.625,1.0
30.6666666667,6.0
30.7083333333,4.0
30.75,2.0
30.7916666667,1.0
30.8333333333,1.0
30.875,nan
30.9166666667,1.0
30.9583333333,1.0
31.0,3.0
31.0416666667,2.0
31.0833333333,3.0
31.125,3.0
31.1666666667,6.0
31.2083333333,2.0
31.25,4.0
31.2916666667,9.0
31.3333333333,8.0
31.375,3.0
31.4166666667,13.0
31.4583333333,4.0
31.5,7.0
31.5416666667,6.0
31.5833333333,16.0
31.625,12.0
31.6666666667,10.0
31.7083333333,8.0
31.75,4.0
31.7916666667,nan
31.8333333333,2.0
31.875,nan
31.9166666667,nan
31.9583333333,nan
32.0,2.0
32.0416666667,2.0
32.0833333333,nan
32.125,nan
32.1666666667,nan
32.2083333333,nan
32.25,nan
32.2916666667,nan
32.3333333333,2.0
32.375,5.0
32.4166666667,6.0
32.4583333333,3.0
32.5,5.0
32.5416666667,4.0
32.5833333333,5.0
32.625,7.0
32.6666666667,8.0
32.7083333333,9.0
32.75,3.0
32.7916666667,nan
32.8333333333,nan
32.875,1.0
32.9166666667,1.0
32.9583333333,nan
33.0,3.0
33.0416666667,3.0
33.0833333333,2.0
33.125,3.0
33.1666666667,4.0
33.2083333333,4.0
33.25,2.0
33.2916666667,5.0
33.3333333333,5.0
33.375,1.0
33.4166666667,3.0
33.4583333333,1.0
33.5,2.0
33.5416666667,2.0
33.5833333333,4.0
33.625,2.0
33.6666666667,3.0
33.7083333333,nan
33.75,nan
33.7916666667,nan
33.8333333333,nan
33.875,1.0
33.9166666667,1.0
33.9583333333,nan
34.0,2.0
34.0416666667,6.0
34.0833333333,3.0
34.125,1.0
34.1666666667,2.0
34.2083333333,1.0
34.25,6.0
34.2916666667,3.0
34.3333333333,10.0
34.375,8.0
34.4166666667,11.0
34.4583333333,3.0
34.5,6.0
34.5416666667,8.0
34.5833333333,8.0
34.625,7.0
34.6666666667,1.0
34.7083333333,2.0
34.75,2.0
34.7916666667,2.0
34.8333333333,2.0
34.875,nan
34.9166666667,nan
34.9583333333,1.0
35.0,5.0
35.0416666667,2.0
35.0833333333,4.0
35.125,4.0
35.1666666667,7.0
35.2083333333,12.0
35.25,3.0
35.2916666667,3.0
35.3333333333,6.0
35.375,3.0
35.4166666667,5.0
35.4583333333,5.0
35.5,7.0
35.5416666667,8.0
35.5833333333,6.0
35.625,4.0
35.6666666667,2.0
35.7083333333,nan
35.75,1.0
35.7916666667,nan
35.8333333333,nan
35.875,nan
35.9166666667,1.0
35.9583333333,nan
36.0,nan
36.0416666667,2.0
36.0833333333,2.0
36.125,2.0
36.1666666667,1.0
36.2083333333,2.0
36.25,nan
36.2916666667,2.0
36.3333333333,2.0
36.375,4.0
36.4166666667,1.0
36.4583333333,5.0
36.5,nan
36.5416666667,2.0
36.5833333333,3.0
36.625,2.0
36.6666666667,4.0
36.7083333333,nan
36.75,3.0
36.7916666667,nan
36.8333333333,nan
36.875,nan
36.9166666667,1.0
36.9583333333,nan
37.0,2.0
37.0416666667,3.0
37.0833333333,1.0
37.125,1.0
37.1666666667,4.0
37.2083333333,4.0
37.25,7.0
37.2916666667,3.0
37.3333333333,1.0
37.375,7.0
37.4166666667,6.0
37.4583333333,6.0
37.5,3.0
37.5416666667,7.0
37.5833333333,5.0
37.625,5.0
37.6666666667,5.0
37.7083333333,3.0
37.75,1.0
37.7916666667,2.0
37.8333333333,1.0
37.875,nan
37.9166666667,nan
37.9583333333,nan
38.0,5.0
38.0416666667,1.0
38.0833333333,3.0
38.125,2.0
38.1666666667,5.0
38.2083333333,6.0
38.25,5.0
38.2916666667,2.0
38.3333333333,4.0
38.375,6.0
38.4166666667,6.0
38.4583333333,9.0
38.5,11.0
38.5416666667,6.0
38.5833333333,9.0
38.625,7.0
38.6666666667,3.0
38.7083333333,4.0
38.75,2.0
38.7916666667,nan
38.8333333333,nan
38.875,nan
38.9166666667,nan
38.9583333333,nan
39.0,2.0
39.0416666667,5.0
39.0833333333,4.0
39.125,3.0
39.1666666667,10.0
39.2083333333,2.0
39.25,1.0
39.2916666667,4.0
39.3333333333,7.0
39.375,4.0
39.4166666667,6.0
39.4583333333,7.0
39.5,8.0
39.5416666667,10.0
39.5833333333,4.0
39.625,8.0
39.6666666667,1.0
39.7083333333,4.0
39.75,1.0
39.7916666667,nan
39.8333333333,1.0
39.875,nan
39.9166666667,1.0
39.9583333333,nan
40.0,2.0
40.0416666667,1.0
40.0833333333,4.0
40.125,6.0
40.1666666667,4.0
40.2083333333,7.0
40.25,4.0
40.2916666667,5.0
40.3333333333,11.0
40.375,4.0
40.4166666667,5.0
40.4583333333,7.0
40.5,12.0
40.5416666667,3.0
40.5833333333,5.0
40.625,2.0
40.6666666667,5.0
40.7083333333,2.0
40.75,2.0
40.7916666667,nan
40.8333333333,nan
40.875,nan
40.9166666667,1.0
40.9583333333,1.0
41.0,4.0
41.0416666667,2.0
41.0833333333,nan
41.125,6.0
41.1666666667,3.0
41.2083333333,6.0
41.25,3.0
41.2916666667,3.0
41.3333333333,5.0
41.375,8.0
41.4166666667,11.0
41.4583333333,15.0
41.5,13.0
41.5416666667,25.0
41.5833333333,21.0
41.625,39.0
41.6666666667,11.0
41.7083333333,11.0
41.75,9.0
41.7916666667,4.0
41.8333333333,4.0
41.875,2.0
41.9166666667,3.0
41.9583333333,3.0
42.0,2.0
42.0416666667,5.0
42.0833333333,4.0
42.125,10.0
42.1666666667,10.0
42.2083333333,12.0
42.25,4.0
42.2916666667,8.0
42.3333333333,7.0
42.375,4.0
42.4166666667,4.0
42.4583333333,1.0
42.5,10.0
42.5416666667,6.0
42.5833333333,4.0
42.625,1.0
42.6666666667,3.0
42.7083333333,2.0
42.75,1.0
42.7916666667,nan
42.8333333333,1.0
42.875,nan
42.9166666667,1.0
42.9583333333,nan
43.0,1.0
43.0416666667,2.0
43.0833333333,3.0
43.125,5.0
43.1666666667,5.0
43.2083333333,6.0
43.25,3.0
43.2916666667,5.0
43.3333333333,2.0
43.375,5.0
43.4166666667,3.0
43.4583333333,10.0
43.5,8.0
43.5416666667,8.0
43.5833333333,2.0
43.625,6.0
43.6666666667,1.0
43.7083333333,nan
43.75,2.0
43.7916666667,nan
43.8333333333,nan
43.875,nan
43.9166666667,1.0
43.9583333333,1.0
44.0,5.0
44.0416666667,2.0
44.0833333333,3.0
44.125,3.0
44.1666666667,nan
44.2083333333,4.0
44.25,3.0
44.2916666667,8.0
44.3333333333,4.0
44.375,4.0
44.4166666667,7.0
44.4583333333,5.0
44.5,12.0
44.5416666667,7.0
44.5833333333,5.0
44.625,8.0
44.6666666667,4.0
44.7083333333,1.0
44.75,1.0
44.7916666667,1.0
44.8333333333,nan
44.875,nan
44.9166666667,nan
44.9583333333,nan
45.0,2.0
45.0416666667,3.0
45.0833333333,1.0
45.125,4.0
45.1666666667,4.0
45.2083333333,3.0
45.25,1.0
45.2916666667,3.0
45.3333333333,4.0
45.375,4.0
45.4166666667,2.0
45.4583333333,4.0
45.5,6.0
45.5416666667,11.0
45.5833333333,11.0
45.625,9.0
45.6666666667,5.0
45.7083333333,3.0
45.75,4.0
45.7916666667,nan
45.8333333333,nan
45.875,1.0
45.9166666667,1.0
45.9583333333,nan
46.0,nan
46.0416666667,nan
46.0833333333,nan
46.125,nan
46.1666666667,nan
46.2083333333,nan
46.25,nan
46.2916666667,nan
46.3333333333,nan
46.375,nan
46.4166666667,nan
46.4583333333,nan
46.5,8.0
46.5416666667,8.0
46.5833333333,4.0
46.625,6.0
46.6666666667,5.0
46.7083333333,4.0
46.75,4.0
46.7916666667,nan
46.8333333333,1.0
46.875,nan
46.9166666667,nan
46.9583333333,nan
47.0,nan
47.0416666667,1.0
47.0833333333,6.0
47.125,4.0
47.1666666667,9.0
47.2083333333,17.0
47.25,14.0
47.2916666667,11.0
47.3333333333,3.0
47.375,13.0
47.4166666667,3.0
47.4583333333,10.0
47.5,5.0
47.5416666667,5.0
47.5833333333,5.0
47.625,4.0
47.6666666667,3.0
47.7083333333,nan
47.75,nan
47.7916666667,nan
47.8333333333,nan
47.875,nan
47.9166666667,3.0
47.9583333333,1.0
48.0,2.0
48.0416666667,4.0
48.0833333333,7.0
48.125,1.0
48.1666666667,4.0
48.2083333333,5.0
48.25,3.0
48.2916666667,4.0
48.3333333333,4.0
48.375,nan
48.4166666667,6.0
48.4583333333,4.0
48.5,7.0
48.5416666667,4.0
48.5833333333,5.0
48.625,4.0
48.6666666667,1.0
48.7083333333,nan
48.75,nan
48.7916666667,nan
48.8333333333,nan
48.875,nan
48.9166666667,nan
48.9583333333,nan
49.0,nan
49.0416666667,nan
49.0833333333,nan
49.125,8.0
49.1666666667,2.0
49.2083333333,3.0
49.25,1.0
49.2916666667,4.0
49.3333333333,3.0
49.375,2.0
49.4166666667,5.0
49.4583333333,2.0
49.5,8.0
49.5416666667,4.0
49.5833333333,4.0
49.625,8.0
49.6666666667,4.0
49.7083333333,2.0
49.75,nan
49.7916666667,nan
49.8333333333,nan
49.875,nan
49.9166666667,1.0
49.9583333333,2.0
50.0,2.0
50.0416666667,nan
50.0833333333,3.0
50.125,5.0
50.1666666667,1.0
50.2083333333,2.0
50.25,1.0
50.2916666667,3.0
50.3333333333,3.0
50.375,3.0
50.4166666667,1.0
50.4583333333,1.0
50.5,8.0
50.5416666667,8.0
50.5833333333,8.0
50.625,3.0
50.6666666667,2.0
50.7083333333,nan
50.75,nan
50.7916666667,nan
50.8333333333,1.0
50.875,nan
50.9166666667,1.0
50.9583333333,4.0
51.0,3.0
51.0416666667,5.0
51.0833333333,3.0
51.125,2.0
51.1666666667,4.0
51.2083333333,3.0
51.25,3.0
51.2916666667,3.0
51.3333333333,4.0
51.375,5.0
51.4166666667,7.0
51.4583333333,9.0
51.5,5.0
51.5416666667,3.0
51.5833333333,6.0
51.625,4.0
51.6666666667,6.0
51.7083333333,4.0
51.75,1.0
51.7916666667,1.0
51.8333333333,1.0
51.875,nan
51.9166666667,2.0
51.9583333333,3.0
52.0,3.0
52.0416666667,5.0
52.0833333333,2.0
52.125,2.0
52.1666666667,7.0
52.2083333333,3.0
52.25,7.0
52.2916666667,5.0
52.3333333333,5.0
52.375,3.0
52.4166666667,4.0
52.4583333333,7.0
52.5,8.0
52.5416666667,11.0
52.5833333333,12.0
52.625,7.0
52.6666666667,10.0
52.7083333333,8.0
52.75,5.0
52.7916666667,1.0
52.8333333333,nan
52.875,nan
52.9166666667,1.0
52.9583333333,1.0
53.0,1.0
53.0416666667,5.0
53.0833333333,2.0
53.125,8.0
53.1666666667,5.0
53.2083333333,8.0
53.25,3.0
53.2916666667,7.0
53.3333333333,6.0
53.375,10.0
53.4166666667,8.0
53.4583333333,5.0
53.5,9.0
53.5416666667,12.0
53.5833333333,12.0
53.625,12.0
53.6666666667,8.0
53.7083333333,2.0
53.75,4.0
53.7916666667,nan
53.8333333333,nan
53.875,nan
53.9166666667,1.0
53.9583333333,1.0
54.0,2.0
54.0416666667,4.0
54.0833333333,4.0
54.125,9.0
54.1666666667,9.0
54.2083333333,5.0
54.25,9.0
54.2916666667,9.0
54.3333333333,7.0
54.375,4.0
54.4166666667,4.0
54.4583333333,3.0
54.5,8.0
54.5416666667,5.0
54.5833333333,5.0
54.625,3.0
54.6666666667,2.0
54.7083333333,1.0
54.75,nan
54.7916666667,1.0
54.8333333333,1.0
54.875,nan
54.9166666667,3.0
54.9583333333,nan
55.0,2.0
55.0416666667,2.0
55.0833333333,2.0
55.125,3.0
55.1666666667,6.0
55.2083333333,4.0
55.25,2.0
55.2916666667,2.0
55.3333333333,4.0
55.375,5.0
55.4166666667,5.0
55.4583333333,8.0
55.5,10.0
55.5416666667,6.0
55.5833333333,5.0
55.625,6.0
55.6666666667,1.0
55.7083333333,nan
55.75,nan
55.7916666667,nan
55.8333333333,nan
55.875,nan
55.9166666667,1.0
55.9583333333,1.0
56.0,2.0
56.0416666667,2.0
56.0833333333,3.0
56.125,4.0
56.1666666667,2.0
56.2083333333,4.0
56.25,1.0
56.2916666667,7.0
56.3333333333,2.0
56.375,3.0
56.4166666667,6.0
56.4583333333,2.0
56.5,4.0
56.5416666667,5.0
56.5833333333,3.0
56.625,3.0
56.6666666667,1.0
56.7083333333,2.0
56.75,nan
56.7916666667,nan
56.8333333333,nan
56.875,1.0
56.9166666667,nan
56.9583333333,nan
57.0,2.0
57.0416666667,1.0
57.0833333333,2.0
57.125,3.0
57.1666666667,4.0
57.2083333333,2.0
57.25,3.0
57.2916666667,2.0
57.3333333333,1.0
57.375,6.0
57.4166666667,6.0
57.4583333333,4.0
57.5,6.0
57.5416666667,4.0
57.5833333333,6.0
57.625,8.0
57.6666666667,2.0
57.7083333333,1.0
57.75,nan
57.7916666667,nan
57.8333333333,nan
57.875,nan
57.9166666667,3.0
57.9583333333,nan
58.0,2.0
58.0416666667,4.0
58.0833333333,3.0
58.125,6.0
58.1666666667,7.0
58.2083333333,3.0
58.25,3.0
58.2916666667,6.0
58.3333333333,4.0
58.375,6.0
58.4166666667,7.0
58.4583333333,5.0
58.5,2.0
58.5416666667,5.0
58.5833333333,5.0
58.625,5.0
58.6666666667,4.0
58.7083333333,3.0
58.75,1.0
58.7916666667,nan
58.8333333333,nan
58.875,1.0
58.9166666667,4.0
58.9583333333,nan
59.0,4.0
59.0416666667,2.0
59.0833333333,7.0
59.125,5.0
59.1666666667,3.0
59.2083333333,4.0
59.25,5.0
59.2916666667,4.0
59.3333333333,9.0
59.375,3.0
59.4166666667,6.0
59.4583333333,6.0
59.5,5.0
59.5416666667,6.0
59.5833333333,4.0
59.625,4.0
59.6666666667,6.0
59.7083333333,3.0
59.75,1.0
59.7916666667,nan
59.8333333333,nan
59.875,nan
59.9166666667,1.0
59.9583333333,nan
60.0,2.0
60.0416666667,3.0
60.0833333333,6.0
60.125,3.0
60.1666666667,5.0
60.2083333333,4.0
60.25,9.0
60.2916666667,7.0
60.3333333333,7.0
60.375,6.0
60.4166666667,9.0
60.4583333333,10.0
60.5,15.0
60.5416666667,16.0
60.5833333333,11.0
60.625,5.0
60.6666666667,7.0
60.7083333333,3.0
60.75,4.0
60.7916666667,2.0
60.8333333333,2.0
60.875,nan
60.9166666667,1.0
60.9583333333,nan
61.0,2.0
61.0416666667,4.0
61.0833333333,5.0
61.125,6.0
61.1666666667,10.0
61.2083333333,7.0
61.25,7.0
61.2916666667,5.0
61.3333333333,7.0
61.375,7.0
61.4166666667,12.0
61.4583333333,11.0
61.5,5.0
61.5416666667,12.0
61.5833333333,7.0
61.625,nan
61.6666666667,4.0
61.7083333333,nan
61.75,nan
61.7916666667,nan
61.8333333333,nan
61.875,nan
61.9166666667,1.0
61.9583333333,3.0
62.0,1.0
62.0416666667,3.0
62.0833333333,3.0
62.125,6.0
62.1666666667,3.0
62.2083333333,5.0
62.25,5.0
62.2916666667,3.0
62.3333333333,8.0
62.375,2.0
62.4166666667,5.0
62.4583333333,5.0
62.5,5.0
62.5416666667,5.0
62.5833333333,6.0
62.625,3.0
62.6666666667,2.0
62.7083333333,nan
62.75,2.0
62.7916666667,nan
62.8333333333,nan
62.875,nan
62.9166666667,nan
62.9583333333,nan
63.0,nan
63.0416666667,nan
63.0833333333,nan
63.125,nan
63.1666666667,nan
63.2083333333,5.0
63.25,4.0
63.2916666667,2.0
63.3333333333,3.0
63.375,6.0
63.4166666667,4.0
63.4583333333,3.0
63.5,2.0
63.5416666667,6.0
63.5833333333,5.0
63.625,4.0
63.6666666667,2.0
63.7083333333,1.0
63.75,nan
63.7916666667,nan
63.8333333333,nan
63.875,2.0
63.9166666667,1.0
63.9583333333,2.0
64.0,2.0
64.0416666667,4.0
64.0833333333,3.0
64.125,2.0
64.1666666667,2.0
64.2083333333,3.0
64.25,2.0
64.2916666667,3.0
64.3333333333,4.0
64.375,4.0
64.4166666667,5.0
64.4583333333,8.0
64.5,6.0
64.5416666667,10.0
64.5833333333,4.0
64.625,5.0
64.6666666667,2.0
64.7083333333,3.0
64.75,nan
64.7916666667,nan
64.8333333333,nan
64.875,nan
64.9166666667,1.0
64.9583333333,3.0
65.0,1.0
65.0416666667,2.0
65.0833333333,3.0
65.125,5.0
65.1666666667,7.0
65.2083333333,5.0
65.25,2.0
65.2916666667,2.0
65.3333333333,5.0
65.375,2.0
65.4166666667,5.0
65.4583333333,4.0
65.5,1.0
65.5416666667,5.0
65.5833333333,5.0
