0.0,14.0
0.0416666666667,59.0
0.0833333333333,60.0
0.125,48.0
0.166666666667,61.0
0.208333333333,60.0
0.25,68.0
0.291666666667,98.0
0.333333333333,93.0
0.375,109.0
0.416666666667,117.0
0.458333333333,88.0
0.5,104.0
0.541666666667,121.0
0.583333333333,87.0
0.625,57.0
0.666666666667,31.0
0.708333333333,15.0
0.75,5.0
0.791666666667,6.0
0.833333333333,9.0
0.875,15.0
0.916666666667,21.0
0.958333333333,33.0
1.0,51.0
1.04166666667,51.0
1.08333333333,67.0
1.125,76.0
1.16666666667,103.0
1.20833333333,91.0
1.25,95.0
1.29166666667,104.0
1.33333333333,111.0
1.375,136.0
1.41666666667,154.0
1.45833333333,126.0
1.5,130.0
1.54166666667,125.0
1.58333333333,122.0
1.625,64.0
1.66666666667,42.0
1.70833333333,23.0
1.75,12.0
1.79166666667,14.0
1.83333333333,7.0
1.875,22.0
1.91666666667,21.0
1.95833333333,30.0
2.0,43.0
2.04166666667,46.0
2.08333333333,97.0
2.125,119.0
2.16666666667,81.0
2.20833333333,75.0
2.25,89.0
2.29166666667,82.0
2.33333333333,93.0
2.375,109.0
2.41666666667,119.0
2.45833333333,105.0
2.5,78.0
2.54166666667,66.0
2.58333333333,68.0
2.625,49.0
2.66666666667,35.0
2.70833333333,21.0
2.75,8.0
2.79166666667,12.0
2.83333333333,8.0
2.875,14.0
2.91666666667,19.0
2.95833333333,36.0
3.0,32.0
3.04166666667,38.0
3.08333333333,40.0
3.125,60.0
3.16666666667,112.0
3.20833333333,84.0
3.25,104.0
3.29166666667,128.0
3.33333333333,153.0
3.375,138.0
3.41666666667,184.0
3.45833333333,106.0
3.5,149.0
3.54166666667,148.0
3.58333333333,115.0
3.625,91.0
3.66666666667,50.0
3.70833333333,41.0
3.75,14.0
3.79166666667,8.0
3.83333333333,8.0
3.875,7.0
3.91666666667,8.0
3.95833333333,43.0
4.0,40.0
4.04166666667,47.0
4.08333333333,77.0
4.125,73.0
4.16666666667,158.0
4.20833333333,88.0
4.25,111.0
4.29166666667,124.0
4.33333333333,121.0
4.375,136.0
4.41666666667,166.0
4.45833333333,115.0
4.5,141.0
4.54166666667,129.0
4.58333333333,132.0
4.625,94.0
4.66666666667,40.0
4.70833333333,42.0
4.75,29.0
4.79166666667,14.0
4.83333333333,12.0
4.875,10.0
4.91666666667,11.0
4.95833333333,26.0
5.0,37.0
5.04166666667,50.0
5.08333333333,46.0
5.125,56.0
5.16666666667,96.0
5.20833333333,90.0
5.25,59.0
5.29166666667,84.0
5.33333333333,98.0
5.375,112.0
5.41666666667,84.0
5.45833333333,87.0
5.5,81.0
5.54166666667,79.0
5.58333333333,71.0
5.625,33.0
5.66666666667,20.0
5.70833333333,13.0
5.75,4.0
5.79166666667,10.0
5.83333333333,3.0
5.875,10.0
5.91666666667,15.0
5.95833333333,22.0
6.0,39.0
6.04166666667,33.0
6.08333333333,33.0
6.125,36.0
6.16666666667,44.0
6.20833333333,50.0
6.25,36.0
6.29166666667,50.0
6.33333333333,60.0
6.375,53.0
6.41666666667,72.0
6.45833333333,64.0
6.5,55.0
6.54166666667,71.0
6.58333333333,48.0
6.625,38.0
6.66666666667,33.0
6.70833333333,17.0
6.75,3.0
6.79166666667,8.0
6.83333333333,1.0
6.875,3.0
6.91666666667,13.0
6.95833333333,28.0
7.0,35.0
7.04166666667,46.0
7.08333333333,34.0
7.125,38.0
7.16666666667,47.0
7.20833333333,58.0
7.25,31.0
7.29166666667,64.0
7.33333333333,55.0
7.375,85.0
7.41666666667,63.0
7.45833333333,62.0
7.5,79.0
7.54166666667,95.0
7.58333333333,59.0
7.625,33.0
7.66666666667,19.0
7.70833333333,13.0
7.75,9.0
7.79166666667,7.0
7.83333333333,4.0
7.875,5.0
7.91666666667,21.0
7.95833333333,28.0
8.0,38.0
8.04166666667,39.0
8.08333333333,36.0
8.125,47.0
8.16666666667,61.0
8.20833333333,53.0
8.25,72.0
8.29166666667,70.0
8.33333333333,98.0
8.375,87.0
8.41666666667,123.0
8.45833333333,129.0
8.5,108.0
8.54166666667,120.0
8.58333333333,67.0
8.625,65.0
8.66666666667,40.0
8.70833333333,18.0
8.75,5.0
8.79166666667,7.0
8.83333333333,6.0
8.875,10.0
8.91666666667,21.0
8.95833333333,33.0
9.0,34.0
9.04166666667,46.0
9.08333333333,42.0
9.125,53.0
9.16666666667,59.0
9.20833333333,82.0
9.25,45.0
9.29166666667,80.0
9.33333333333,78.0
9.375,124.0
9.41666666667,107.0
9.45833333333,94.0
9.5,134.0
9.54166666667,125.0
9.58333333333,106.0
9.625,69.0
9.66666666667,42.0
9.70833333333,12.0
9.75,11.0
9.79166666667,5.0
9.83333333333,10.0
9.875,11.0
9.91666666667,17.0
9.95833333333,33.0
10.0,47.0
10.0416666667,47.0
10.0833333333,56.0
10.125,62.0
10.1666666667,46.0
10.2083333333,72.0
10.25,87.0
10.2916666667,94.0
10.3333333333,66.0
10.375,102.0
10.4166666667,141.0
10.4583333333,95.0
10.5,130.0
10.5416666667,124.0
10.5833333333,110.0
10.625,68.0
10.6666666667,42.0
10.7083333333,39.0
10.75,16.0
10.7916666667,15.0
10.8333333333,3.0
10.875,5.0
10.9166666667,9.0
10.9583333333,23.0
11.0,25.0
11.0416666667,50.0
11.0833333333,76.0
11.125,67.0
11.1666666667,141.0
11.2083333333,100.0
11.25,113.0
11.2916666667,102.0
11.3333333333,145.0
11.375,146.0
11.4166666667,179.0
11.4583333333,156.0
11.5,147.0
11.5416666667,162.0
11.5833333333,144.0
11.625,130.0
11.6666666667,74.0
11.7083333333,49.0
11.75,27.0
11.7916666667,9.0
11.8333333333,10.0
11.875,16.0
11.9166666667,12.0
11.9583333333,38.0
12.0,46.0
12.0416666667,55.0
12.0833333333,72.0
12.125,69.0
12.1666666667,98.0
12.2083333333,94.0
12.25,100.0
12.2916666667,109.0
12.3333333333,113.0
12.375,125.0
12.4166666667,111.0
12.4583333333,103.0
12.5,87.0
12.5416666667,85.0
12.5833333333,79.0
12.625,58.0
12.6666666667,23.0
12.7083333333,17.0
12.75,10.0
12.7916666667,6.0
12.8333333333,6.0
12.875,13.0
12.9166666667,26.0
12.9583333333,23.0
13.0,40.0
13.0416666667,55.0
13.0833333333,41.0
13.125,50.0
13.1666666667,52.0
13.2083333333,59.0
13.25,66.0
13.2916666667,67.0
13.3333333333,63.0
13.375,91.0
13.4166666667,109.0
13.4583333333,86.0
13.5,82.0
13.5416666667,69.0
13.5833333333,85.0
13.625,37.0
13.6666666667,24.0
13.7083333333,16.0
13.75,10.0
13.7916666667,7.0
13.8333333333,12.0
13.875,7.0
13.9166666667,14.0
13.9583333333,24.0
14.0,30.0
14.0416666667,nan
14.0833333333,nan
14.125,nan
14.1666666667,nan
14.2083333333,nan
14.25,nan
14.2916666667,nan
14.3333333333,nan
14.375,nan
14.4166666667,nan
14.4583333333,nan
14.5,nan
14.5416666667,nan
14.5833333333,nan
14.625,29.0
14.6666666667,24.0
14.7083333333,14.0
14.75,8.0
14.7916666667,4.0
14.8333333333,6.0
14.875,9.0
14.9166666667,15.0
14.9583333333,29.0
15.0,40.0
15.0416666667,40.0
15.0833333333,46.0
15.125,44.0
15.1666666667,72.0
15.2083333333,50.0
15.25,55.0
15.2916666667,51.0
15.3333333333,61.0
15.375,82.0
15.4166666667,98.0
15.4583333333,94.0
15.5,88.0
15.5416666667,82.0
15.5833333333,74.0
15.625,45.0
15.6666666667,31.0
15.7083333333,13.0
15.75,5.0
15.7916666667,3.0
15.8333333333,2.0
15.875,10.0
15.9166666667,11.0
15.9583333333,28.0
16.0,19.0
16.0416666667,33.0
16.0833333333,53.0
16.125,53.0
16.1666666667,36.0
16.2083333333,18.0
16.25,56.0
16.2916666667,83.0
16.3333333333,81.0
16.375,62.0
16.4166666667,117.0
16.4583333333,98.0
16.5,102.0
16.5416666667,71.0
16.5833333333,70.0
16.625,58.0
16.6666666667,31.0
16.7083333333,13.0
16.75,5.0
16.7916666667,8.0
16.8333333333,3.0
16.875,12.0
16.9166666667,18.0
16.9583333333,25.0
17.0,36.0
17.0416666667,56.0
17.0833333333,48.0
17.125,56.0
17.1666666667,61.0
17.2083333333,77.0
17.25,72.0
17.2916666667,75.0
17.3333333333,69.0
17.375,101.0
17.4166666667,147.0
17.4583333333,107.0
17.5,118.0
17.5416666667,91.0
17.5833333333,94.0
17.625,72.0
17.6666666667,54.0
17.7083333333,30.0
17.75,13.0
17.7916666667,4.0
17.8333333333,9.0
17.875,10.0
17.9166666667,15.0
17.9583333333,38.0
18.0,43.0
18.0416666667,50.0
18.0833333333,89.0
18.125,93.0
18.1666666667,136.0
18.2083333333,108.0
18.25,126.0
18.2916666667,117.0
18.3333333333,129.0
18.375,140.0
18.4166666667,192.0
18.4583333333,180.0
18.5,152.0
18.5416666667,147.0
18.5833333333,141.0
18.625,110.0
18.6666666667,76.0
18.7083333333,40.0
18.75,14.0
18.7916666667,13.0
18.8333333333,9.0
18.875,9.0
18.9166666667,15.0
18.9583333333,30.0
19.0,40.0
19.0416666667,43.0
19.0833333333,70.0
19.125,84.0
19.1666666667,92.0
19.2083333333,117.0
19.25,89.0
19.2916666667,111.0
19.3333333333,113.0
19.375,110.0
19.4166666667,106.0
19.4583333333,102.0
19.5,88.0
19.5416666667,86.0
19.5833333333,80.0
19.625,56.0
19.6666666667,34.0
19.7083333333,17.0
19.75,8.0
19.7916666667,7.0
19.8333333333,5.0
19.875,17.0
19.9166666667,23.0
19.9583333333,38.0
20.0,48.0
20.0416666667,46.0
20.0833333333,45.0
20.125,51.0
20.1666666667,56.0
20.2083333333,42.0
20.25,56.0
20.2916666667,48.0
20.3333333333,69.0
20.375,71.0
20.4166666667,105.0
20.4583333333,73.0
20.5,79.0
20.5416666667,90.0
20.5833333333,61.0
20.625,50.0
20.6666666667,26.0
20.7083333333,24.0
20.75,11.0
20.7916666667,3.0
20.8333333333,9.0
20.875,6.0
20.9166666667,16.0
20.9583333333,39.0
21.0,32.0
21.0416666667,36.0
21.0833333333,50.0
21.125,48.0
21.1666666667,57.0
21.2083333333,55.0
21.25,65.0
21.2916666667,61.0
21.3333333333,89.0
21.375,107.0
21.4166666667,101.0
21.4583333333,103.0
21.5,108.0
21.5416666667,117.0
21.5833333333,88.0
21.625,45.0
21.6666666667,34.0
21.7083333333,18.0
21.75,10.0
21.7916666667,9.0
21.8333333333,2.0
21.875,8.0
21.9166666667,18.0
21.9583333333,25.0
22.0,46.0
22.0416666667,42.0
22.0833333333,60.0
22.125,60.0
22.1666666667,72.0
22.2083333333,65.0
22.25,69.0
22.2916666667,76.0
22.3333333333,77.0
22.375,93.0
22.4166666667,119.0
22.4583333333,87.0
22.5,107.0
22.5416666667,92.0
22.5833333333,68.0
22.625,55.0
22.6666666667,33.0
22.7083333333,12.0
22.75,8.0
22.7916666667,5.0
22.8333333333,5.0
22.875,11.0
22.9166666667,13.0
22.9583333333,29.0
23.0,41.0
23.0416666667,58.0
23.0833333333,53.0
23.125,47.0
23.1666666667,72.0
23.2083333333,71.0
23.25,64.0
23.2916666667,61.0
23.3333333333,71.0
23.375,87.0
23.4166666667,131.0
23.4583333333,104.0
23.5,94.0
23.5416666667,88.0
23.5833333333,98.0
23.625,59.0
23.6666666667,44.0
23.7083333333,23.0
23.75,21.0
23.7916666667,5.0
23.8333333333,3.0
23.875,6.0
23.9166666667,21.0
23.9583333333,23.0
24.0,47.0
24.0416666667,nan
24.0833333333,52.0
24.125,67.0
24.1666666667,74.0
24.2083333333,68.0
24.25,72.0
24.2916666667,86.0
24.3333333333,98.0
24.375,109.0
24.4166666667,162.0
24.4583333333,120.0
24.5,124.0
24.5416666667,135.0
24.5833333333,136.0
24.625,98.0
24.6666666667,50.0
24.7083333333,29.0
24.75,20.0
24.7916666667,12.0
24.8333333333,9.0
24.875,5.0
24.9166666667,3.0
24.9583333333,nan
25.0,2.0
25.0416666667,nan
25.0833333333,nan
25.125,nan
25.1666666667,10.0
25.2083333333,1.0
25.25,106.0
25.2916666667,168.0
25.3333333333,149.0
25.375,149.0
25.4166666667,190.0
25.4583333333,180.0
25.5,187.0
25.5416666667,170.0
25.5833333333,158.0
25.625,118.0
25.6666666667,94.0
25.7083333333,41.0
25.75,21.0
25.7916666667,14.0
25.8333333333,4.0
25.875,12.0
25.9166666667,15.0
25.9583333333,26.0
26.0,29.0
26.0416666667,47.0
26.0833333333,85.0
26.125,93.0
26.1666666667,121.0
26.2083333333,88.0
26.25,95.0
26.2916666667,107.0
26.3333333333,122.0
26.375,163.0
26.4166666667,37.0
26.4583333333,86.0
26.5,102.0
26.5416666667,106.0
26.5833333333,76.0
26.625,44.0
26.6666666667,46.0
26.7083333333,17.0
26.75,7.0
26.7916666667,nan
26.8333333333,2.0
26.875,5.0
26.9166666667,14.0
26.9583333333,20.0
27.0,40.0
27.0416666667,44.0
27.0833333333,46.0
27.125,50.0
27.1666666667,68.0
27.2083333333,70.0
27.25,61.0
27.2916666667,68.0
27.3333333333,83.0
27.375,93.0
27.4166666667,86.0
27.4583333333,90.0
27.5,72.0
27.5416666667,88.0
27.5833333333,79.0
27.625,59.0
27.6666666667,26.0
27.7083333333,9.0
27.75,13.0
27.7916666667,6.0
27.8333333333,7.0
27.875,7.0
27.9166666667,15.0
27.9583333333,29.0
28.0,35.0
28.0416666667,47.0
28.0833333333,65.0
28.125,66.0
28.1666666667,64.0
28.2083333333,65.0
28.25,57.0
28.2916666667,69.0
28.3333333333,89.0
28.375,143.0
28.4166666667,118.0
28.4583333333,110.0
28.5,149.0
28.5416666667,123.0
28.5833333333,89.0
28.625,76.0
28.6666666667,32.0
28.7083333333,28.0
28.75,10.0
28.7916666667,4.0
28.8333333333,5.0
28.875,7.0
28.9166666667,21.0
28.9583333333,29.0
29.0,30.0
29.0416666667,63.0
29.0833333333,59.0
29.125,64.0
29.1666666667,66.0
29.2083333333,69.0
29.25,83.0
29.2916666667,93.0
29.3333333333,96.0
29.375,121.0
29.4166666667,141.0
29.4583333333,112.0
29.5,104.0
29.5416666667,102.0
29.5833333333,76.0
29.625,37.0
29.6666666667,nan
29.7083333333,nan
29.75,nan
29.7916666667,nan
29.8333333333,nan
29.875,nan
29.9166666667,nan
29.9583333333,nan
30.0,nan
30.0416666667,nan
30.0833333333,nan
30.125,nan
30.1666666667,nan
30.2083333333,nan
30.25,nan
30.2916666667,nan
30.3333333333,nan
30.375,nan
30.4166666667,nan
30.4583333333,nan
30.5,nan
30.5416666667,16.0
30.5833333333,57.0
30.625,48.0
30.6666666667,49.0
30.7083333333,21.0
30.75,12.0
30.7916666667,7.0
30.8333333333,8.0
30.875,14.0
30.9166666667,18.0
30.9583333333,32.0
31.0,53.0
31.0416666667,56.0
31.0833333333,61.0
31.125,65.0
31.1666666667,76.0
31.2083333333,78.0
31.25,75.0
31.2916666667,99.0
31.3333333333,98.0
31.375,130.0
31.4166666667,160.0
31.4583333333,137.0
31.5,133.0
31.5416666667,110.0
31.5833333333,112.0
31.625,118.0
31.6666666667,48.0
31.7083333333,23.0
31.75,26.0
31.7916666667,18.0
31.8333333333,9.0
31.875,9.0
31.9166666667,18.0
31.9583333333,31.0
32.0,32.0
32.0416666667,5.0
32.0833333333,nan
32.125,nan
32.1666666667,nan
32.2083333333,nan
32.25,nan
32.2916666667,nan
32.3333333333,nan
32.375,84.0
32.4166666667,125.0
32.4583333333,83.0
32.5,94.0
32.5416666667,119.0
32.5833333333,97.0
32.625,73.0
32.6666666667,40.0
32.7083333333,26.0
32.75,18.0
32.7916666667,8.0
32.8333333333,4.0
32.875,10.0
32.9166666667,13.0
32.9583333333,21.0
33.0,31.0
33.0416666667,51.0
33.0833333333,65.0
33.125,74.0
33.1666666667,93.0
33.2083333333,100.0
33.25,90.0
33.2916666667,92.0
