0.0,97.0
0.0416666666667,113.0
0.0833333333333,126.0
0.125,139.0
0.166666666667,185.0
0.208333333333,101.0
0.25,53.0
0.291666666667,39.0
0.333333333333,15.0
0.375,5.0
0.416666666667,3.0
0.458333333333,6.0
0.5,19.0
0.541666666667,23.0
0.583333333333,26.0
0.625,31.0
0.666666666667,44.0
0.708333333333,38.0
0.75,55.0
0.791666666667,72.0
0.833333333333,71.0
0.875,74.0
0.916666666667,50.0
0.958333333333,77.0
1.0,72.0
1.04166666667,64.0
1.08333333333,103.0
1.125,85.0
1.16666666667,81.0
1.20833333333,65.0
1.25,45.0
1.29166666667,36.0
1.33333333333,18.0
1.375,16.0
1.41666666667,8.0
1.45833333333,5.0
1.5,8.0
1.54166666667,12.0
1.58333333333,18.0
1.625,30.0
1.66666666667,52.0
1.70833333333,51.0
1.75,53.0
1.79166666667,52.0
1.83333333333,57.0
1.875,60.0
1.91666666667,62.0
1.95833333333,76.0
2.0,78.0
2.04166666667,81.0
2.08333333333,55.0
2.125,41.0
2.16666666667,32.0
2.20833333333,33.0
2.25,23.0
2.29166666667,43.0
2.33333333333,16.0
2.375,13.0
2.41666666667,8.0
2.45833333333,8.0
2.5,7.0
2.54166666667,12.0
2.58333333333,12.0
2.625,27.0
2.66666666667,23.0
2.70833333333,42.0
2.75,47.0
2.79166666667,61.0
2.83333333333,57.0
2.875,71.0
2.91666666667,53.0
2.95833333333,95.0
3.0,76.0
3.04166666667,91.0
3.08333333333,71.0
3.125,102.0
3.16666666667,85.0
3.20833333333,90.0
3.25,81.0
3.29166666667,44.0
3.33333333333,20.0
3.375,19.0
3.41666666667,16.0
3.45833333333,5.0
3.5,7.0
3.54166666667,7.0
3.58333333333,24.0
3.625,31.0
3.66666666667,49.0
3.70833333333,52.0
3.75,81.0
3.79166666667,78.0
3.83333333333,79.0
3.875,83.0
3.91666666667,85.0
3.95833333333,108.0
4.0,102.0
4.04166666667,97.0
4.08333333333,94.0
4.125,115.0
4.16666666667,110.0
4.20833333333,101.0
4.25,59.0
4.29166666667,39.0
4.33333333333,20.0
4.375,21.0
4.41666666667,5.0
4.45833333333,2.0
4.5,7.0
4.54166666667,11.0
4.58333333333,16.0
4.625,31.0
4.66666666667,50.0
4.70833333333,43.0
4.75,63.0
4.79166666667,71.0
4.83333333333,69.0
4.875,72.0
4.91666666667,89.0
4.95833333333,75.0
5.0,98.0
5.04166666667,78.0
5.08333333333,87.0
5.125,57.0
5.16666666667,65.0
5.20833333333,39.0
5.25,22.0
5.29166666667,14.0
5.33333333333,7.0
5.375,3.0
5.41666666667,3.0
5.45833333333,4.0
5.5,11.0
5.54166666667,21.0
5.58333333333,21.0
5.625,30.0
5.66666666667,19.0
5.70833333333,41.0
5.75,41.0
5.79166666667,54.0
5.83333333333,54.0
5.875,35.0
5.91666666667,56.0
5.95833333333,73.0
6.0,75.0
6.04166666667,67.0
6.08333333333,82.0
6.125,80.0
6.16666666667,64.0
6.20833333333,51.0
6.25,32.0
6.29166666667,18.0
6.33333333333,9.0
6.375,6.0
6.41666666667,2.0
6.45833333333,3.0
6.5,11.0
6.54166666667,12.0
6.58333333333,17.0
6.625,24.0
6.66666666667,25.0
6.70833333333,33.0
6.75,44.0
6.79166666667,45.0
6.83333333333,48.0
6.875,31.0
6.91666666667,51.0
6.95833333333,68.0
7.0,75.0
7.04166666667,82.0
7.08333333333,75.0
7.125,87.0
7.16666666667,91.0
7.20833333333,44.0
7.25,30.0
7.29166666667,25.0
7.33333333333,8.0
7.375,5.0
7.41666666667,1.0
7.45833333333,8.0
7.5,12.0
7.54166666667,21.0
7.58333333333,23.0
7.625,21.0
7.66666666667,23.0
7.70833333333,30.0
7.75,38.0
7.79166666667,54.0
7.83333333333,45.0
7.875,47.0
7.91666666667,67.0
7.95833333333,54.0
8.0,82.0
8.04166666667,99.0
8.08333333333,86.0
8.125,87.0
8.16666666667,91.0
8.20833333333,61.0
8.25,29.0
8.29166666667,12.0
8.33333333333,9.0
8.375,3.0
8.41666666667,3.0
8.45833333333,4.0
8.5,15.0
8.54166666667,24.0
8.58333333333,26.0
8.625,27.0
8.66666666667,40.0
8.70833333333,43.0
8.75,51.0
8.79166666667,59.0
8.83333333333,38.0
8.875,48.0
8.91666666667,50.0
8.95833333333,81.0
9.0,78.0
9.04166666667,110.0
9.08333333333,182.0
9.125,133.0
9.16666666667,91.0
9.20833333333,74.0
9.25,42.0
9.29166666667,26.0
9.33333333333,14.0
9.375,11.0
9.41666666667,1.0
9.45833333333,9.0
9.5,14.0
9.54166666667,31.0
9.58333333333,29.0
9.625,41.0
9.66666666667,32.0
9.70833333333,39.0
9.75,49.0
9.79166666667,61.0
9.83333333333,49.0
9.875,76.0
9.91666666667,59.0
9.95833333333,94.0
10.0,125.0
10.0416666667,153.0
10.0833333333,168.0
10.125,172.0
10.1666666667,163.0
10.2083333333,115.0
10.25,93.0
10.2916666667,66.0
10.3333333333,53.0
10.375,28.0
10.4166666667,3.0
10.4583333333,6.0
10.5,9.0
10.5416666667,10.0
10.5833333333,28.0
10.625,48.0
10.6666666667,66.0
10.7083333333,66.0
10.75,65.0
10.7916666667,101.0
10.8333333333,115.0
10.875,94.0
10.9166666667,113.0
10.9583333333,142.0
11.0,147.0
11.0416666667,152.0
11.0833333333,183.0
11.125,176.0
11.1666666667,163.0
11.2083333333,133.0
11.25,109.0
11.2916666667,80.0
11.3333333333,53.0
11.375,29.0
11.4166666667,7.0
11.4583333333,4.0
11.5,10.0
11.5416666667,18.0
11.5833333333,27.0
11.625,57.0
11.6666666667,61.0
11.7083333333,81.0
11.75,103.0
11.7916666667,122.0
11.8333333333,112.0
11.875,113.0
11.9166666667,121.0
11.9583333333,99.0
12.0,123.0
12.0416666667,130.0
12.0833333333,118.0
12.125,111.0
12.1666666667,88.0
12.2083333333,64.0
12.25,35.0
12.2916666667,19.0
12.3333333333,9.0
12.375,1.0
12.4166666667,2.0
12.4583333333,4.0
12.5,12.0
12.5416666667,19.0
12.5833333333,24.0
12.625,25.0
12.6666666667,43.0
12.7083333333,37.0
12.75,59.0
12.7916666667,62.0
12.8333333333,60.0
12.875,65.0
12.9166666667,54.0
12.9583333333,74.0
13.0,79.0
13.0416666667,89.0
13.0833333333,109.0
13.125,94.0
13.1666666667,77.0
13.2083333333,58.0
13.25,34.0
13.2916666667,12.0
13.3333333333,12.0
13.375,1.0
13.4166666667,6.0
13.4583333333,2.0
13.5,10.0
13.5416666667,17.0
13.5833333333,22.0
13.625,nan
13.6666666667,nan
13.7083333333,nan
13.75,nan
13.7916666667,nan
13.8333333333,nan
13.875,nan
13.9166666667,nan
13.9583333333,1.0
