0.0,1.0
0.0416666666667,nan
0.0833333333333,nan
0.125,nan
0.166666666667,nan
0.208333333333,nan
0.25,nan
0.291666666667,nan
0.333333333333,nan
0.375,nan
0.416666666667,nan
0.458333333333,nan
0.5,nan
0.541666666667,nan
0.583333333333,64.0
0.625,151.0
0.666666666667,180.0
0.708333333333,162.0
0.75,184.0
0.791666666667,161.0
0.833333333333,190.0
0.875,272.0
0.916666666667,232.0
0.958333333333,242.0
1.0,250.0
1.04166666667,190.0
1.08333333333,194.0
1.125,202.0
1.16666666667,156.0
1.20833333333,85.0
1.25,57.0
1.29166666667,26.0
1.33333333333,13.0
1.375,10.0
1.41666666667,17.0
1.45833333333,35.0
1.5,44.0
1.54166666667,105.0
1.58333333333,135.0
1.625,144.0
1.66666666667,144.0
1.70833333333,193.0
1.75,219.0
1.79166666667,204.0
1.83333333333,216.0
1.875,241.0
1.91666666667,212.0
1.95833333333,266.0
2.0,299.0
2.04166666667,220.0
2.08333333333,226.0
2.125,203.0
2.16666666667,178.0
2.20833333333,109.0
2.25,69.0
2.29166666667,40.0
2.33333333333,25.0
2.375,21.0
2.41666666667,15.0
2.45833333333,55.0
2.5,117.0
2.54166666667,172.0
2.58333333333,299.0
2.625,459.0
2.66666666667,532.0
2.70833333333,465.0
2.75,324.0
2.79166666667,229.0
2.83333333333,209.0
2.875,185.0
2.91666666667,208.0
2.95833333333,195.0
3.0,214.0
3.04166666667,207.0
3.08333333333,147.0
3.125,139.0
3.16666666667,143.0
3.20833333333,91.0
3.25,61.0
3.29166666667,39.0
3.33333333333,17.0
3.375,21.0
3.41666666667,16.0
3.45833333333,26.0
3.5,40.0
3.54166666667,80.0
3.58333333333,89.0
3.625,100.0
3.66666666667,114.0
3.70833333333,179.0
3.75,195.0
3.79166666667,193.0
3.83333333333,237.0
3.875,275.0
3.91666666667,295.0
3.95833333333,308.0
4.0,306.0
4.04166666667,230.0
4.08333333333,261.0
4.125,240.0
4.16666666667,212.0
4.20833333333,136.0
4.25,87.0
4.29166666667,66.0
4.33333333333,36.0
4.375,11.0
4.41666666667,14.0
4.45833333333,17.0
4.5,21.0
4.54166666667,71.0
4.58333333333,85.0
4.625,96.0
4.66666666667,156.0
4.70833333333,168.0
4.75,269.0
4.79166666667,215.0
4.83333333333,259.0
4.875,271.0
4.91666666667,263.0
4.95833333333,258.0
5.0,267.0
5.04166666667,215.0
5.08333333333,250.0
5.125,213.0
5.16666666667,238.0
5.20833333333,151.0
5.25,80.0
5.29166666667,67.0
5.33333333333,41.0
5.375,28.0
5.41666666667,16.0
5.45833333333,16.0
5.5,20.0
5.54166666667,60.0
5.58333333333,66.0
5.625,102.0
5.66666666667,121.0
5.70833333333,123.0
5.75,161.0
5.79166666667,197.0
5.83333333333,159.0
5.875,185.0
5.91666666667,194.0
5.95833333333,228.0
6.0,161.0
6.04166666667,161.0
6.08333333333,162.0
6.125,143.0
6.16666666667,120.0
6.20833333333,58.0
6.25,38.0
6.29166666667,20.0
6.33333333333,12.0
6.375,14.0
6.41666666667,5.0
6.45833333333,22.0
6.5,31.0
6.54166666667,51.0
6.58333333333,86.0
6.625,95.0
6.66666666667,95.0
6.70833333333,104.0
6.75,121.0
6.79166666667,149.0
6.83333333333,141.0
6.875,153.0
6.91666666667,168.0
6.95833333333,162.0
7.0,192.0
7.04166666667,159.0
7.08333333333,123.0
7.125,128.0
7.16666666667,93.0
7.20833333333,61.0
7.25,57.0
7.29166666667,23.0
7.33333333333,5.0
7.375,13.0
7.41666666667,5.0
7.45833333333,17.0
7.5,36.0
7.54166666667,67.0
7.58333333333,80.0
7.625,115.0
7.66666666667,127.0
7.70833333333,122.0
7.75,131.0
7.79166666667,153.0
7.83333333333,121.0
7.875,176.0
7.91666666667,167.0
7.95833333333,192.0
8.0,201.0
8.04166666667,176.0
8.08333333333,181.0
8.125,167.0
8.16666666667,111.0
8.20833333333,82.0
8.25,37.0
8.29166666667,21.0
8.33333333333,16.0
8.375,11.0
8.41666666667,11.0
8.45833333333,22.0
8.5,44.0
8.54166666667,69.0
8.58333333333,110.0
8.625,118.0
8.66666666667,124.0
8.70833333333,158.0
8.75,179.0
8.79166666667,189.0
8.83333333333,220.0
8.875,239.0
8.91666666667,342.0
8.95833333333,337.0
9.0,492.0
9.04166666667,477.0
9.08333333333,439.0
9.125,418.0
9.16666666667,294.0
9.20833333333,148.0
9.25,92.0
9.29166666667,37.0
9.33333333333,14.0
9.375,14.0
9.41666666667,15.0
9.45833333333,37.0
9.5,55.0
9.54166666667,96.0
9.58333333333,141.0
9.625,173.0
9.66666666667,185.0
9.70833333333,176.0
9.75,212.0
9.79166666667,241.0
9.83333333333,178.0
9.875,262.0
9.91666666667,293.0
9.95833333333,371.0
10.0,327.0
10.0416666667,287.0
10.0833333333,315.0
10.125,314.0
10.1666666667,251.0
10.2083333333,161.0
10.25,74.0
10.2916666667,29.0
10.3333333333,22.0
10.375,13.0
10.4166666667,15.0
10.4583333333,25.0
10.5,48.0
10.5416666667,105.0
10.5833333333,163.0
10.625,154.0
10.6666666667,193.0
10.7083333333,195.0
10.75,194.0
10.7916666667,237.0
10.8333333333,247.0
10.875,290.0
10.9166666667,289.0
10.9583333333,351.0
11.0,371.0
11.0416666667,323.0
11.0833333333,368.0
11.125,309.0
11.1666666667,288.0
11.2083333333,174.0
11.25,120.0
11.2916666667,61.0
11.3333333333,35.0
11.375,24.0
11.4166666667,9.0
11.4583333333,19.0
11.5,24.0
11.5416666667,70.0
11.5833333333,86.0
11.625,137.0
11.6666666667,175.0
11.7083333333,201.0
11.75,298.0
11.7916666667,317.0
11.8333333333,318.0
11.875,356.0
11.9166666667,455.0
11.9583333333,442.0
12.0,485.0
12.0416666667,432.0
12.0833333333,429.0
12.125,441.0
12.1666666667,366.0
12.2083333333,288.0
12.25,157.0
12.2916666667,95.0
12.3333333333,53.0
12.375,21.0
12.4166666667,21.0
12.4583333333,27.0
12.5,37.0
12.5416666667,73.0
12.5833333333,100.0
12.625,146.0
12.6666666667,184.0
12.7083333333,196.0
12.75,248.0
12.7916666667,266.0
12.8333333333,264.0
12.875,347.0
12.9166666667,368.0
12.9583333333,358.0
13.0,364.0
13.0416666667,307.0
13.0833333333,257.0
13.125,231.0
13.1666666667,191.0
13.2083333333,114.0
13.25,56.0
13.2916666667,35.0
13.3333333333,19.0
13.375,10.0
13.4166666667,15.0
13.4583333333,28.0
13.5,57.0
13.5416666667,72.0
13.5833333333,136.0
13.625,148.0
13.6666666667,143.0
13.7083333333,143.0
13.75,185.0
13.7916666667,182.0
13.8333333333,218.0
13.875,242.0
13.9166666667,232.0
13.9583333333,282.0
