0.0,1.0
0.0416666666667,nan
0.0833333333333,nan
0.125,nan
0.166666666667,nan
0.208333333333,nan
0.25,nan
0.291666666667,nan
0.333333333333,nan
0.375,nan
0.416666666667,nan
0.458333333333,nan
0.5,nan
0.541666666667,nan
0.583333333333,nan
0.625,nan
0.666666666667,nan
0.708333333333,nan
0.75,nan
0.791666666667,nan
0.833333333333,nan
0.875,nan
0.916666666667,nan
0.958333333333,nan
1.0,nan
1.04166666667,nan
1.08333333333,nan
1.125,nan
1.16666666667,nan
1.20833333333,nan
1.25,nan
1.29166666667,nan
1.33333333333,nan
1.375,nan
1.41666666667,nan
1.45833333333,nan
1.5,nan
1.54166666667,nan
1.58333333333,10.0
1.625,26.0
1.66666666667,30.0
1.70833333333,48.0
1.75,39.0
1.79166666667,53.0
1.83333333333,38.0
1.875,42.0
1.91666666667,57.0
1.95833333333,53.0
2.0,46.0
2.04166666667,38.0
2.08333333333,41.0
2.125,50.0
2.16666666667,39.0
2.20833333333,32.0
2.25,21.0
2.29166666667,12.0
2.33333333333,3.0
2.375,3.0
2.41666666667,2.0
2.45833333333,4.0
2.5,8.0
2.54166666667,21.0
2.58333333333,27.0
2.625,30.0
2.66666666667,31.0
2.70833333333,37.0
2.75,62.0
2.79166666667,39.0
2.83333333333,45.0
2.875,45.0
2.91666666667,51.0
2.95833333333,44.0
3.0,33.0
3.04166666667,33.0
3.08333333333,23.0
3.125,35.0
3.16666666667,28.0
3.20833333333,16.0
3.25,13.0
3.29166666667,11.0
3.33333333333,7.0
3.375,1.0
3.41666666667,1.0
3.45833333333,3.0
3.5,nan
3.54166666667,7.0
3.58333333333,12.0
3.625,11.0
3.66666666667,15.0
3.70833333333,18.0
3.75,25.0
3.79166666667,24.0
3.83333333333,24.0
3.875,38.0
3.91666666667,16.0
3.95833333333,15.0
4.0,20.0
4.04166666667,16.0
4.08333333333,17.0
4.125,16.0
4.16666666667,15.0
4.20833333333,14.0
4.25,7.0
4.29166666667,7.0
4.33333333333,4.0
4.375,2.0
4.41666666667,nan
4.45833333333,1.0
4.5,7.0
4.54166666667,4.0
4.58333333333,11.0
4.625,5.0
4.66666666667,17.0
4.70833333333,34.0
4.75,26.0
4.79166666667,46.0
4.83333333333,50.0
4.875,36.0
4.91666666667,41.0
4.95833333333,34.0
5.0,33.0
5.04166666667,38.0
5.08333333333,32.0
5.125,13.0
5.16666666667,22.0
5.20833333333,18.0
5.25,18.0
5.29166666667,9.0
5.33333333333,6.0
5.375,8.0
5.41666666667,1.0
5.45833333333,1.0
5.5,3.0
5.54166666667,4.0
5.58333333333,11.0
5.625,22.0
5.66666666667,26.0
5.70833333333,28.0
5.75,27.0
5.79166666667,44.0
5.83333333333,37.0
5.875,51.0
5.91666666667,41.0
5.95833333333,22.0
6.0,21.0
6.04166666667,28.0
6.08333333333,23.0
6.125,20.0
6.16666666667,24.0
6.20833333333,15.0
6.25,11.0
6.29166666667,6.0
6.33333333333,8.0
6.375,2.0
6.41666666667,2.0
6.45833333333,1.0
6.5,3.0
6.54166666667,5.0
6.58333333333,6.0
6.625,8.0
6.66666666667,19.0
6.70833333333,25.0
6.75,23.0
6.79166666667,24.0
6.83333333333,30.0
6.875,39.0
6.91666666667,31.0
6.95833333333,32.0
7.0,36.0
7.04166666667,27.0
7.08333333333,19.0
7.125,13.0
7.16666666667,19.0
7.20833333333,4.0
7.25,8.0
7.29166666667,1.0
7.33333333333,2.0
7.375,1.0
7.41666666667,2.0
7.45833333333,4.0
7.5,4.0
7.54166666667,9.0
7.58333333333,22.0
7.625,16.0
7.66666666667,29.0
7.70833333333,36.0
7.75,39.0
7.79166666667,33.0
7.83333333333,34.0
7.875,34.0
7.91666666667,35.0
7.95833333333,40.0
8.0,40.0
8.04166666667,38.0
8.08333333333,46.0
8.125,22.0
8.16666666667,18.0
8.20833333333,13.0
8.25,3.0
8.29166666667,2.0
8.33333333333,6.0
8.375,1.0
8.41666666667,nan
8.45833333333,nan
8.5,4.0
8.54166666667,14.0
8.58333333333,17.0
8.625,18.0
8.66666666667,21.0
8.70833333333,26.0
8.75,33.0
8.79166666667,34.0
8.83333333333,34.0
8.875,35.0
8.91666666667,33.0
8.95833333333,41.0
9.0,38.0
9.04166666667,29.0
9.08333333333,31.0
9.125,19.0
9.16666666667,18.0
9.20833333333,13.0
9.25,5.0
9.29166666667,3.0
9.33333333333,2.0
9.375,4.0
9.41666666667,1.0
9.45833333333,1.0
9.5,7.0
9.54166666667,6.0
9.58333333333,40.0
9.625,28.0
9.66666666667,37.0
9.70833333333,32.0
9.75,55.0
9.79166666667,37.0
9.83333333333,54.0
9.875,39.0
9.91666666667,34.0
9.95833333333,52.0
10.0,49.0
10.0416666667,43.0
10.0833333333,31.0
10.125,31.0
10.1666666667,17.0
10.2083333333,22.0
10.25,7.0
10.2916666667,1.0
10.3333333333,2.0
10.375,1.0
10.4166666667,nan
10.4583333333,1.0
10.5,2.0
10.5416666667,14.0
10.5833333333,32.0
10.625,30.0
10.6666666667,37.0
10.7083333333,36.0
10.75,54.0
10.7916666667,64.0
10.8333333333,55.0
10.875,68.0
10.9166666667,60.0
10.9583333333,71.0
11.0,57.0
11.0416666667,63.0
11.0833333333,31.0
11.125,29.0
11.1666666667,30.0
11.2083333333,23.0
11.25,14.0
11.2916666667,7.0
11.3333333333,nan
11.375,2.0
11.4166666667,3.0
11.4583333333,3.0
11.5,10.0
11.5416666667,15.0
11.5833333333,35.0
11.625,30.0
11.6666666667,40.0
11.7083333333,43.0
11.75,54.0
11.7916666667,54.0
11.8333333333,54.0
11.875,66.0
11.9166666667,64.0
11.9583333333,53.0
12.0,52.0
12.0416666667,48.0
12.0833333333,46.0
12.125,46.0
12.1666666667,40.0
12.2083333333,27.0
12.25,14.0
12.2916666667,12.0
12.3333333333,7.0
12.375,5.0
12.4166666667,2.0
12.4583333333,nan
12.5,2.0
12.5416666667,9.0
12.5833333333,15.0
12.625,22.0
12.6666666667,24.0
12.7083333333,30.0
12.75,25.0
12.7916666667,48.0
12.8333333333,37.0
12.875,41.0
12.9166666667,57.0
12.9583333333,66.0
13.0,37.0
13.0416666667,41.0
13.0833333333,45.0
13.125,48.0
13.1666666667,36.0
13.2083333333,28.0
13.25,17.0
13.2916666667,11.0
13.3333333333,11.0
13.375,1.0
13.4166666667,2.0
13.4583333333,3.0
13.5,2.0
13.5416666667,6.0
13.5833333333,13.0
13.625,16.0
13.6666666667,23.0
13.7083333333,41.0
13.75,55.0
13.7916666667,51.0
13.8333333333,33.0
13.875,64.0
13.9166666667,53.0
13.9583333333,52.0
