0.0,1.0
0.0416666666667,nan
0.0833333333333,nan
0.125,nan
0.166666666667,nan
0.208333333333,nan
0.25,nan
0.291666666667,nan
0.333333333333,nan
0.375,nan
0.416666666667,nan
0.458333333333,nan
0.5,nan
0.541666666667,nan
0.583333333333,nan
0.625,nan
0.666666666667,nan
0.708333333333,nan
0.75,nan
0.791666666667,nan
0.833333333333,nan
0.875,nan
0.916666666667,nan
0.958333333333,nan
1.0,nan
1.04166666667,nan
1.08333333333,nan
1.125,nan
1.16666666667,nan
1.20833333333,nan
1.25,nan
1.29166666667,nan
1.33333333333,nan
1.375,nan
1.41666666667,nan
1.45833333333,nan
1.5,nan
1.54166666667,nan
1.58333333333,nan
1.625,nan
1.66666666667,nan
1.70833333333,nan
1.75,nan
1.79166666667,nan
1.83333333333,nan
1.875,nan
1.91666666667,nan
1.95833333333,nan
2.0,nan
2.04166666667,nan
2.08333333333,nan
2.125,nan
2.16666666667,nan
2.20833333333,nan
2.25,nan
2.29166666667,nan
2.33333333333,nan
2.375,nan
2.41666666667,nan
2.45833333333,nan
2.5,nan
2.54166666667,nan
2.58333333333,64.0
2.625,151.0
2.66666666667,180.0
2.70833333333,162.0
2.75,184.0
2.79166666667,161.0
2.83333333333,190.0
2.875,272.0
2.91666666667,232.0
2.95833333333,242.0
3.0,250.0
3.04166666667,190.0
3.08333333333,194.0
3.125,202.0
3.16666666667,156.0
3.20833333333,85.0
3.25,57.0
3.29166666667,26.0
3.33333333333,13.0
3.375,10.0
3.41666666667,17.0
3.45833333333,35.0
3.5,44.0
3.54166666667,105.0
3.58333333333,135.0
3.625,144.0
3.66666666667,144.0
3.70833333333,193.0
3.75,219.0
3.79166666667,204.0
3.83333333333,216.0
3.875,241.0
3.91666666667,212.0
3.95833333333,266.0
4.0,299.0
4.04166666667,220.0
4.08333333333,226.0
4.125,203.0
4.16666666667,178.0
4.20833333333,109.0
4.25,69.0
4.29166666667,40.0
4.33333333333,25.0
4.375,21.0
4.41666666667,15.0
4.45833333333,55.0
4.5,117.0
4.54166666667,172.0
4.58333333333,299.0
4.625,459.0
4.66666666667,532.0
4.70833333333,465.0
4.75,324.0
4.79166666667,229.0
4.83333333333,209.0
4.875,185.0
4.91666666667,208.0
4.95833333333,195.0
5.0,214.0
5.04166666667,207.0
5.08333333333,147.0
5.125,139.0
5.16666666667,143.0
5.20833333333,91.0
5.25,61.0
5.29166666667,39.0
5.33333333333,17.0
5.375,21.0
5.41666666667,16.0
5.45833333333,26.0
5.5,40.0
5.54166666667,80.0
5.58333333333,89.0
5.625,100.0
5.66666666667,114.0
5.70833333333,179.0
5.75,195.0
5.79166666667,193.0
5.83333333333,237.0
5.875,275.0
5.91666666667,295.0
5.95833333333,308.0
6.0,306.0
6.04166666667,230.0
6.08333333333,261.0
6.125,240.0
6.16666666667,212.0
6.20833333333,136.0
6.25,87.0
6.29166666667,66.0
6.33333333333,36.0
6.375,11.0
6.41666666667,14.0
6.45833333333,17.0
6.5,21.0
6.54166666667,71.0
6.58333333333,85.0
6.625,96.0
6.66666666667,156.0
6.70833333333,168.0
6.75,269.0
6.79166666667,215.0
6.83333333333,259.0
6.875,271.0
6.91666666667,263.0
6.95833333333,258.0
7.0,267.0
7.04166666667,215.0
7.08333333333,250.0
7.125,213.0
7.16666666667,238.0
7.20833333333,151.0
7.25,80.0
7.29166666667,67.0
7.33333333333,41.0
7.375,28.0
7.41666666667,16.0
7.45833333333,16.0
7.5,20.0
7.54166666667,60.0
7.58333333333,66.0
7.625,102.0
7.66666666667,121.0
7.70833333333,123.0
7.75,161.0
7.79166666667,197.0
7.83333333333,159.0
7.875,185.0
7.91666666667,194.0
7.95833333333,228.0
8.0,161.0
8.04166666667,161.0
8.08333333333,162.0
8.125,143.0
8.16666666667,120.0
8.20833333333,58.0
8.25,38.0
8.29166666667,20.0
8.33333333333,12.0
8.375,14.0
8.41666666667,5.0
8.45833333333,22.0
8.5,31.0
8.54166666667,51.0
8.58333333333,86.0
8.625,95.0
8.66666666667,95.0
8.70833333333,104.0
8.75,121.0
8.79166666667,149.0
8.83333333333,141.0
8.875,153.0
8.91666666667,168.0
8.95833333333,162.0
9.0,192.0
9.04166666667,159.0
9.08333333333,123.0
9.125,128.0
9.16666666667,93.0
9.20833333333,61.0
9.25,57.0
9.29166666667,23.0
9.33333333333,5.0
9.375,13.0
9.41666666667,5.0
9.45833333333,17.0
9.5,36.0
9.54166666667,67.0
9.58333333333,80.0
9.625,115.0
9.66666666667,127.0
9.70833333333,122.0
9.75,131.0
9.79166666667,153.0
9.83333333333,121.0
9.875,176.0
9.91666666667,167.0
9.95833333333,192.0
10.0,201.0
10.0416666667,176.0
10.0833333333,181.0
10.125,167.0
10.1666666667,111.0
10.2083333333,82.0
10.25,37.0
10.2916666667,21.0
10.3333333333,16.0
10.375,11.0
10.4166666667,11.0
10.4583333333,22.0
10.5,44.0
10.5416666667,69.0
10.5833333333,110.0
10.625,118.0
10.6666666667,124.0
10.7083333333,158.0
10.75,179.0
10.7916666667,189.0
10.8333333333,220.0
10.875,239.0
10.9166666667,342.0
10.9583333333,337.0
11.0,492.0
11.0416666667,477.0
11.0833333333,439.0
11.125,418.0
11.1666666667,294.0
11.2083333333,148.0
11.25,92.0
11.2916666667,37.0
11.3333333333,14.0
11.375,14.0
11.4166666667,15.0
11.4583333333,37.0
11.5,55.0
11.5416666667,96.0
11.5833333333,141.0
11.625,173.0
11.6666666667,185.0
11.7083333333,176.0
11.75,212.0
11.7916666667,241.0
11.8333333333,178.0
11.875,262.0
11.9166666667,293.0
11.9583333333,371.0
12.0,327.0
12.0416666667,287.0
12.0833333333,315.0
12.125,314.0
12.1666666667,251.0
12.2083333333,161.0
12.25,74.0
12.2916666667,29.0
12.3333333333,22.0
12.375,13.0
12.4166666667,15.0
12.4583333333,25.0
12.5,48.0
12.5416666667,105.0
12.5833333333,163.0
12.625,154.0
12.6666666667,193.0
12.7083333333,195.0
12.75,194.0
12.7916666667,237.0
12.8333333333,247.0
12.875,290.0
12.9166666667,289.0
12.9583333333,351.0
13.0,371.0
13.0416666667,323.0
13.0833333333,368.0
13.125,309.0
13.1666666667,288.0
13.2083333333,174.0
13.25,120.0
13.2916666667,61.0
13.3333333333,35.0
13.375,24.0
13.4166666667,9.0
13.4583333333,19.0
13.5,24.0
13.5416666667,70.0
13.5833333333,86.0
13.625,137.0
13.6666666667,175.0
13.7083333333,201.0
13.75,298.0
13.7916666667,317.0
13.8333333333,318.0
13.875,356.0
13.9166666667,455.0
13.9583333333,443.0
