0.0,1.0
0.0416666666667,nan
0.0833333333333,nan
0.125,nan
0.166666666667,nan
0.208333333333,nan
0.25,nan
0.291666666667,nan
0.333333333333,nan
0.375,nan
0.416666666667,nan
0.458333333333,nan
0.5,nan
0.541666666667,nan
0.583333333333,13.0
0.625,52.0
0.666666666667,48.0
0.708333333333,67.0
0.75,60.0
0.791666666667,74.0
0.833333333333,72.0
0.875,64.0
0.916666666667,81.0
0.958333333333,77.0
1.0,90.0
1.04166666667,76.0
1.08333333333,82.0
1.125,86.0
1.16666666667,71.0
1.20833333333,50.0
1.25,37.0
1.29166666667,7.0
1.33333333333,7.0
1.375,5.0
1.41666666667,1.0
1.45833333333,1.0
1.5,14.0
1.54166666667,22.0
1.58333333333,37.0
1.625,51.0
1.66666666667,53.0
1.70833333333,75.0
1.75,82.0
1.79166666667,92.0
1.83333333333,81.0
1.875,60.0
1.91666666667,77.0
1.95833333333,61.0
2.0,88.0
2.04166666667,88.0
2.08333333333,61.0
2.125,66.0
2.16666666667,64.0
2.20833333333,37.0
2.25,35.0
2.29166666667,31.0
2.33333333333,13.0
2.375,9.0
2.41666666667,3.0
2.45833333333,6.0
2.5,8.0
2.54166666667,6.0
2.58333333333,17.0
2.625,36.0
2.66666666667,33.0
2.70833333333,56.0
2.75,52.0
2.79166666667,63.0
2.83333333333,61.0
2.875,61.0
2.91666666667,64.0
2.95833333333,47.0
3.0,55.0
3.04166666667,46.0
3.08333333333,36.0
3.125,48.0
3.16666666667,34.0
3.20833333333,25.0
3.25,24.0
3.29166666667,16.0
3.33333333333,5.0
3.375,3.0
3.41666666667,5.0
3.45833333333,2.0
3.5,4.0
3.54166666667,6.0
3.58333333333,17.0
3.625,20.0
3.66666666667,28.0
3.70833333333,61.0
3.75,63.0
3.79166666667,65.0
3.83333333333,74.0
3.875,66.0
3.91666666667,59.0
3.95833333333,50.0
4.0,61.0
4.04166666667,87.0
4.08333333333,70.0
4.125,75.0
4.16666666667,77.0
4.20833333333,51.0
4.25,48.0
4.29166666667,36.0
4.33333333333,25.0
4.375,12.0
4.41666666667,5.0
4.45833333333,2.0
4.5,4.0
4.54166666667,15.0
4.58333333333,25.0
4.625,25.0
4.66666666667,48.0
4.70833333333,47.0
4.75,58.0
4.79166666667,74.0
4.83333333333,76.0
4.875,93.0
4.91666666667,79.0
4.95833333333,83.0
5.0,57.0
5.04166666667,72.0
5.08333333333,89.0
5.125,98.0
5.16666666667,98.0
5.20833333333,74.0
5.25,60.0
5.29166666667,48.0
5.33333333333,29.0
5.375,12.0
5.41666666667,5.0
5.45833333333,7.0
5.5,3.0
5.54166666667,15.0
5.58333333333,19.0
5.625,36.0
5.66666666667,50.0
5.70833333333,46.0
5.75,73.0
5.79166666667,63.0
5.83333333333,59.0
5.875,66.0
5.91666666667,53.0
5.95833333333,51.0
6.0,61.0
6.04166666667,60.0
6.08333333333,64.0
6.125,54.0
6.16666666667,42.0
6.20833333333,44.0
6.25,9.0
6.29166666667,16.0
6.33333333333,5.0
6.375,4.0
6.41666666667,nan
6.45833333333,4.0
6.5,5.0
6.54166666667,14.0
6.58333333333,31.0
6.625,34.0
6.66666666667,44.0
6.70833333333,45.0
6.75,58.0
6.79166666667,49.0
6.83333333333,48.0
6.875,62.0
6.91666666667,72.0
6.95833333333,64.0
7.0,69.0
7.04166666667,71.0
7.08333333333,68.0
7.125,73.0
7.16666666667,51.0
7.20833333333,41.0
7.25,31.0
7.29166666667,10.0
7.33333333333,6.0
7.375,5.0
7.41666666667,2.0
7.45833333333,5.0
7.5,13.0
7.54166666667,12.0
7.58333333333,30.0
7.625,32.0
7.66666666667,48.0
7.70833333333,61.0
7.75,52.0
7.79166666667,61.0
7.83333333333,55.0
7.875,41.0
7.91666666667,55.0
7.95833333333,70.0
8.0,82.0
8.04166666667,132.0
8.08333333333,158.0
8.125,130.0
8.16666666667,91.0
8.20833333333,51.0
8.25,31.0
8.29166666667,22.0
8.33333333333,5.0
8.375,5.0
8.41666666667,5.0
8.45833333333,3.0
8.5,11.0
8.54166666667,26.0
8.58333333333,35.0
8.625,47.0
8.66666666667,52.0
8.70833333333,66.0
8.75,69.0
8.79166666667,61.0
8.83333333333,65.0
8.875,75.0
8.91666666667,81.0
8.95833333333,79.0
9.0,130.0
9.04166666667,137.0
9.08333333333,132.0
9.125,122.0
9.16666666667,96.0
9.20833333333,56.0
9.25,26.0
9.29166666667,22.0
9.33333333333,15.0
9.375,9.0
9.41666666667,2.0
9.45833333333,7.0
9.5,18.0
9.54166666667,16.0
9.58333333333,47.0
9.625,42.0
9.66666666667,75.0
9.70833333333,61.0
9.75,75.0
9.79166666667,78.0
9.83333333333,65.0
9.875,70.0
9.91666666667,83.0
9.95833333333,88.0
10.0,134.0
10.0416666667,142.0
10.0833333333,140.0
10.125,137.0
10.1666666667,110.0
10.2083333333,90.0
10.25,34.0
10.2916666667,21.0
10.3333333333,18.0
10.375,1.0
10.4166666667,6.0
10.4583333333,4.0
10.5,18.0
10.5416666667,21.0
10.5833333333,34.0
10.625,43.0
10.6666666667,55.0
10.7083333333,74.0
10.75,63.0
10.7916666667,89.0
10.8333333333,83.0
10.875,88.0
10.9166666667,77.0
10.9583333333,92.0
11.0,117.0
11.0416666667,120.0
11.0833333333,151.0
11.125,176.0
11.1666666667,162.0
11.2083333333,126.0
11.25,86.0
11.2916666667,44.0
11.3333333333,27.0
11.375,19.0
11.4166666667,8.0
11.4583333333,10.0
11.5,8.0
11.5416666667,14.0
11.5833333333,33.0
11.625,57.0
11.6666666667,84.0
11.7083333333,87.0
11.75,89.0
11.7916666667,102.0
11.8333333333,120.0
11.875,109.0
11.9166666667,103.0
11.9583333333,99.0
12.0,127.0
12.0416666667,134.0
12.0833333333,143.0
12.125,154.0
12.1666666667,151.0
12.2083333333,134.0
12.25,84.0
12.2916666667,64.0
12.3333333333,54.0
12.375,22.0
12.4166666667,8.0
12.4583333333,9.0
12.5,10.0
12.5416666667,17.0
12.5833333333,37.0
12.625,48.0
12.6666666667,71.0
12.7083333333,88.0
12.75,127.0
12.7916666667,138.0
12.8333333333,145.0
12.875,127.0
12.9166666667,102.0
12.9583333333,111.0
13.0,98.0
13.0416666667,96.0
13.0833333333,109.0
13.125,94.0
13.1666666667,62.0
13.2083333333,37.0
13.25,27.0
13.2916666667,13.0
13.3333333333,10.0
13.375,4.0
13.4166666667,4.0
13.4583333333,5.0
13.5,14.0
13.5416666667,24.0
13.5833333333,37.0
13.625,43.0
13.6666666667,37.0
13.7083333333,64.0
13.75,67.0
13.7916666667,89.0
13.8333333333,100.0
13.875,79.0
13.9166666667,76.0
13.9583333333,100.0
