0.0,6.0
0.0416666666667,12.0
0.0833333333333,14.0
0.125,21.0
0.166666666667,21.0
0.208333333333,28.0
0.25,25.0
0.291666666667,17.0
0.333333333333,24.0
0.375,28.0
0.416666666667,24.0
0.458333333333,31.0
0.5,22.0
0.541666666667,31.0
0.583333333333,19.0
0.625,22.0
0.666666666667,15.0
0.708333333333,3.0
0.75,4.0
0.791666666667,2.0
0.833333333333,nan
0.875,nan
0.916666666667,7.0
0.958333333333,9.0
1.0,11.0
1.04166666667,21.0
1.08333333333,15.0
1.125,31.0
1.16666666667,24.0
1.20833333333,39.0
1.25,40.0
1.29166666667,14.0
1.33333333333,24.0
1.375,18.0
1.41666666667,35.0
1.45833333333,28.0
1.5,25.0
1.54166666667,23.0
1.58333333333,22.0
1.625,13.0
1.66666666667,16.0
1.70833333333,15.0
1.75,7.0
1.79166666667,5.0
1.83333333333,2.0
1.875,5.0
1.91666666667,5.0
1.95833333333,4.0
2.0,12.0
2.04166666667,16.0
2.08333333333,13.0
2.125,30.0
2.16666666667,21.0
2.20833333333,34.0
2.25,25.0
2.29166666667,24.0
2.33333333333,25.0
2.375,17.0
2.41666666667,24.0
2.45833333333,24.0
2.5,15.0
2.54166666667,22.0
2.58333333333,10.0
2.625,10.0
2.66666666667,9.0
2.70833333333,7.0
2.75,1.0
2.79166666667,nan
2.83333333333,nan
2.875,nan
2.91666666667,1.0
2.95833333333,nan
3.0,nan
3.04166666667,nan
3.08333333333,12.0
3.125,29.0
3.16666666667,24.0
3.20833333333,23.0
3.25,34.0
3.29166666667,23.0
3.33333333333,20.0
3.375,26.0
3.41666666667,26.0
3.45833333333,35.0
3.5,35.0
3.54166666667,30.0
3.58333333333,32.0
3.625,24.0
3.66666666667,17.0
3.70833333333,16.0
3.75,13.0
3.79166666667,4.0
3.83333333333,3.0
3.875,nan
3.91666666667,2.0
3.95833333333,7.0
4.0,7.0
4.04166666667,11.0
4.08333333333,22.0
4.125,17.0
4.16666666667,28.0
4.20833333333,35.0
4.25,35.0
4.29166666667,48.0
4.33333333333,29.0
4.375,43.0
4.41666666667,24.0
4.45833333333,32.0
4.5,39.0
4.54166666667,52.0
4.58333333333,51.0
4.625,37.0
4.66666666667,27.0
4.70833333333,31.0
4.75,9.0
4.79166666667,5.0
4.83333333333,2.0
4.875,5.0
4.91666666667,2.0
4.95833333333,4.0
5.0,6.0
5.04166666667,12.0
5.08333333333,23.0
5.125,14.0
5.16666666667,37.0
5.20833333333,16.0
5.25,29.0
5.29166666667,32.0
5.33333333333,17.0
5.375,20.0
5.41666666667,31.0
5.45833333333,31.0
5.5,26.0
5.54166666667,27.0
5.58333333333,19.0
5.625,19.0
5.66666666667,2.0
5.70833333333,7.0
5.75,3.0
5.79166666667,2.0
5.83333333333,nan
5.875,3.0
5.91666666667,4.0
5.95833333333,8.0
6.0,17.0
6.04166666667,19.0
6.08333333333,16.0
6.125,19.0
6.16666666667,22.0
6.20833333333,25.0
6.25,22.0
6.29166666667,14.0
6.33333333333,23.0
6.375,23.0
6.41666666667,25.0
6.45833333333,28.0
6.5,27.0
6.54166666667,34.0
6.58333333333,22.0
6.625,20.0
6.66666666667,13.0
6.70833333333,4.0
6.75,3.0
6.79166666667,1.0
6.83333333333,1.0
6.875,3.0
6.91666666667,6.0
6.95833333333,7.0
7.0,8.0
7.04166666667,8.0
7.08333333333,17.0
7.125,17.0
7.16666666667,12.0
7.20833333333,18.0
7.25,16.0
7.29166666667,11.0
7.33333333333,15.0
7.375,23.0
7.41666666667,21.0
7.45833333333,46.0
7.5,65.0
7.54166666667,53.0
7.58333333333,27.0
7.625,21.0
7.66666666667,9.0
7.70833333333,11.0
7.75,nan
7.79166666667,2.0
7.83333333333,1.0
7.875,1.0
7.91666666667,3.0
7.95833333333,8.0
8.0,19.0
8.04166666667,13.0
8.08333333333,11.0
8.125,23.0
8.16666666667,23.0
8.20833333333,18.0
8.25,23.0
8.29166666667,21.0
8.33333333333,22.0
8.375,26.0
8.41666666667,45.0
8.45833333333,49.0
8.5,48.0
8.54166666667,40.0
8.58333333333,36.0
8.625,29.0
8.66666666667,9.0
8.70833333333,9.0
8.75,7.0
8.79166666667,1.0
8.83333333333,nan
8.875,3.0
8.91666666667,7.0
8.95833333333,8.0
9.0,13.0
9.04166666667,14.0
9.08333333333,21.0
9.125,17.0
9.16666666667,17.0
9.20833333333,23.0
9.25,27.0
9.29166666667,18.0
9.33333333333,30.0
9.375,31.0
9.41666666667,52.0
9.45833333333,43.0
9.5,40.0
9.54166666667,54.0
9.58333333333,33.0
9.625,39.0
9.66666666667,15.0
9.70833333333,10.0
9.75,6.0
9.79166666667,nan
9.83333333333,4.0
9.875,2.0
9.91666666667,9.0
9.95833333333,6.0
10.0,10.0
10.0416666667,21.0
10.0833333333,14.0
10.125,16.0
10.1666666667,22.0
10.2083333333,22.0
10.25,29.0
10.2916666667,32.0
10.3333333333,25.0
10.375,30.0
10.4166666667,53.0
10.4583333333,35.0
10.5,69.0
10.5416666667,72.0
10.5833333333,65.0
10.625,49.0
10.6666666667,34.0
10.7083333333,11.0
10.75,9.0
10.7916666667,7.0
10.8333333333,4.0
10.875,3.0
10.9166666667,2.0
10.9583333333,9.0
11.0,11.0
11.0416666667,21.0
11.0833333333,27.0
11.125,45.0
11.1666666667,38.0
11.2083333333,46.0
11.25,43.0
11.2916666667,44.0
11.3333333333,43.0
11.375,34.0
11.4166666667,45.0
11.4583333333,47.0
11.5,48.0
11.5416666667,70.0
11.5833333333,62.0
11.625,61.0
11.6666666667,39.0
11.7083333333,26.0
11.75,24.0
11.7916666667,9.0
11.8333333333,2.0
11.875,nan
11.9166666667,3.0
11.9583333333,5.0
12.0,9.0
12.0416666667,26.0
12.0833333333,27.0
12.125,30.0
12.1666666667,61.0
12.2083333333,60.0
12.25,59.0
12.2916666667,51.0
12.3333333333,39.0
12.375,38.0
12.4166666667,41.0
12.4583333333,39.0
12.5,35.0
12.5416666667,33.0
12.5833333333,22.0
12.625,13.0
12.6666666667,13.0
12.7083333333,6.0
12.75,4.0
12.7916666667,1.0
12.8333333333,2.0
12.875,2.0
12.9166666667,9.0
12.9583333333,10.0
13.0,12.0
13.0416666667,9.0
13.0833333333,7.0
13.125,28.0
13.1666666667,21.0
13.2083333333,31.0
13.25,42.0
13.2916666667,29.0
13.3333333333,30.0
13.375,38.0
13.4166666667,34.0
13.4583333333,47.0
13.5,52.0
13.5416666667,31.0
13.5833333333,33.0
13.625,21.0
13.6666666667,10.0
13.7083333333,8.0
13.75,2.0
13.7916666667,1.0
13.8333333333,1.0
13.875,3.0
13.9166666667,3.0
13.9583333333,5.0
14.0,13.0
14.0416666667,nan
14.0833333333,nan
14.125,nan
14.1666666667,nan
14.2083333333,nan
14.25,nan
14.2916666667,nan
14.3333333333,nan
14.375,nan
14.4166666667,nan
14.4583333333,nan
14.5,nan
14.5416666667,nan
14.5833333333,nan
14.625,14.0
14.6666666667,11.0
14.7083333333,8.0
14.75,6.0
14.7916666667,nan
14.8333333333,1.0
14.875,3.0
14.9166666667,4.0
14.9583333333,3.0
15.0,16.0
15.0416666667,13.0
15.0833333333,11.0
15.125,22.0
15.1666666667,22.0
15.2083333333,28.0
15.25,19.0
15.2916666667,22.0
15.3333333333,23.0
15.375,67.0
15.4166666667,52.0
15.4583333333,44.0
15.5,42.0
15.5416666667,48.0
15.5833333333,35.0
15.625,39.0
15.6666666667,16.0
15.7083333333,10.0
15.75,6.0
15.7916666667,nan
15.8333333333,nan
15.875,4.0
15.9166666667,2.0
15.9583333333,12.0
16.0,15.0
16.0416666667,21.0
16.0833333333,29.0
16.125,15.0
16.1666666667,35.0
16.2083333333,24.0
16.25,23.0
16.2916666667,23.0
16.3333333333,33.0
16.375,57.0
16.4166666667,43.0
16.4583333333,52.0
16.5,49.0
16.5416666667,45.0
16.5833333333,39.0
16.625,34.0
16.6666666667,12.0
16.7083333333,10.0
16.75,4.0
16.7916666667,3.0
16.8333333333,4.0
16.875,nan
16.9166666667,6.0
16.9583333333,13.0
17.0,15.0
17.0416666667,13.0
17.0833333333,26.0
17.125,21.0
17.1666666667,29.0
17.2083333333,26.0
17.25,33.0
17.2916666667,30.0
17.3333333333,31.0
17.375,42.0
17.4166666667,31.0
17.4583333333,50.0
17.5,48.0
17.5416666667,60.0
17.5833333333,42.0
17.625,47.0
17.6666666667,37.0
17.7083333333,16.0
17.75,14.0
17.7916666667,4.0
17.8333333333,3.0
17.875,2.0
17.9166666667,nan
17.9583333333,13.0
18.0,15.0
18.0416666667,22.0
18.0833333333,31.0
18.125,26.0
18.1666666667,39.0
18.2083333333,61.0
18.25,40.0
18.2916666667,63.0
18.3333333333,66.0
18.375,46.0
18.4166666667,54.0
18.4583333333,61.0
18.5,49.0
18.5416666667,69.0
18.5833333333,51.0
18.625,57.0
18.6666666667,49.0
18.7083333333,29.0
18.75,11.0
18.7916666667,11.0
18.8333333333,3.0
18.875,1.0
18.9166666667,4.0
18.9583333333,4.0
19.0,13.0
19.0416666667,23.0
19.0833333333,34.0
19.125,42.0
19.1666666667,46.0
19.2083333333,41.0
19.25,44.0
19.2916666667,50.0
19.3333333333,38.0
19.375,28.0
19.4166666667,44.0
19.4583333333,32.0
19.5,30.0
19.5416666667,38.0
19.5833333333,29.0
19.625,22.0
19.6666666667,18.0
19.7083333333,8.0
19.75,2.0
19.7916666667,3.0
19.8333333333,4.0
19.875,nan
19.9166666667,3.0
19.9583333333,3.0
20.0,13.0
20.0416666667,6.0
20.0833333333,14.0
20.125,17.0
20.1666666667,31.0
20.2083333333,19.0
20.25,24.0
20.2916666667,27.0
20.3333333333,29.0
20.375,40.0
20.4166666667,40.0
20.4583333333,52.0
20.5,47.0
20.5416666667,39.0
20.5833333333,40.0
20.625,19.0
20.6666666667,17.0
20.7083333333,16.0
20.75,5.0
20.7916666667,2.0
20.8333333333,2.0
20.875,6.0
20.9166666667,5.0
20.9583333333,10.0
21.0,16.0
21.0416666667,7.0
21.0833333333,15.0
21.125,19.0
21.1666666667,25.0
21.2083333333,25.0
21.25,24.0
21.2916666667,32.0
21.3333333333,34.0
21.375,30.0
21.4166666667,46.0
21.4583333333,42.0
21.5,46.0
21.5416666667,43.0
21.5833333333,31.0
21.625,36.0
21.6666666667,13.0
21.7083333333,4.0
21.75,7.0
21.7916666667,3.0
21.8333333333,1.0
21.875,1.0
21.9166666667,5.0
21.9583333333,12.0
22.0,13.0
22.0416666667,27.0
22.0833333333,22.0
22.125,24.0
22.1666666667,25.0
22.2083333333,29.0
22.25,21.0
22.2916666667,21.0
22.3333333333,26.0
22.375,24.0
22.4166666667,38.0
22.4583333333,49.0
22.5,50.0
22.5416666667,48.0
22.5833333333,48.0
22.625,30.0
22.6666666667,21.0
22.7083333333,6.0
22.75,2.0
22.7916666667,2.0
22.8333333333,1.0
22.875,1.0
22.9166666667,7.0
22.9583333333,18.0
23.0,16.0
23.0416666667,19.0
23.0833333333,19.0
23.125,18.0
23.1666666667,31.0
23.2083333333,37.0
23.25,27.0
23.2916666667,36.0
23.3333333333,49.0
23.375,42.0
23.4166666667,46.0
23.4583333333,42.0
23.5,28.0
23.5416666667,50.0
23.5833333333,35.0
23.625,41.0
23.6666666667,20.0
23.7083333333,12.0
23.75,8.0
23.7916666667,4.0
23.8333333333,2.0
23.875,1.0
23.9166666667,2.0
23.9583333333,6.0
24.0,16.0
24.0416666667,22.0
24.0833333333,14.0
24.125,24.0
24.1666666667,29.0
24.2083333333,31.0
24.25,39.0
24.2916666667,38.0
24.3333333333,33.0
24.375,45.0
24.4166666667,51.0
24.4583333333,45.0
24.5,59.0
24.5416666667,46.0
24.5833333333,51.0
24.625,54.0
24.6666666667,47.0
24.7083333333,21.0
24.75,16.0
24.7916666667,8.0
24.8333333333,2.0
24.875,2.0
24.9166666667,1.0
24.9583333333,nan
25.0,nan
25.0416666667,nan
25.0833333333,nan
25.125,nan
25.1666666667,1.0
25.2083333333,2.0
25.25,66.0
25.2916666667,77.0
25.3333333333,74.0
25.375,63.0
25.4166666667,77.0
25.4583333333,69.0
25.5,59.0
25.5416666667,68.0
25.5833333333,73.0
25.625,66.0
25.6666666667,53.0
25.7083333333,29.0
25.75,24.0
25.7916666667,10.0
25.8333333333,5.0
25.875,4.0
25.9166666667,5.0
25.9583333333,8.0
26.0,14.0
26.0416666667,20.0
26.0833333333,30.0
26.125,41.0
26.1666666667,33.0
26.2083333333,41.0
26.25,34.0
26.2916666667,40.0
26.3333333333,40.0
26.375,31.0
26.4166666667,49.0
26.4583333333,43.0
26.5,53.0
26.5416666667,37.0
26.5833333333,40.0
26.625,17.0
26.6666666667,9.0
26.7083333333,8.0
26.75,2.0
26.7916666667,3.0
26.8333333333,1.0
26.875,nan
26.9166666667,2.0
26.9583333333,7.0
27.0,18.0
27.0416666667,12.0
27.0833333333,17.0
27.125,25.0
27.1666666667,19.0
27.2083333333,18.0
27.25,21.0
27.2916666667,31.0
27.3333333333,35.0
27.375,33.0
27.4166666667,33.0
27.4583333333,36.0
27.5,41.0
27.5416666667,50.0
27.5833333333,34.0
27.625,30.0
27.6666666667,8.0
27.7083333333,7.0
27.75,4.0
27.7916666667,1.0
27.8333333333,nan
27.875,1.0
27.9166666667,4.0
27.9583333333,4.0
28.0,6.0
28.0416666667,9.0
28.0833333333,15.0
28.125,25.0
28.1666666667,30.0
28.2083333333,25.0
28.25,25.0
28.2916666667,35.0
28.3333333333,25.0
28.375,40.0
28.4166666667,29.0
28.4583333333,41.0
28.5,27.0
28.5416666667,44.0
28.5833333333,33.0
28.625,18.0
28.6666666667,13.0
28.7083333333,9.0
28.75,3.0
28.7916666667,2.0
28.8333333333,2.0
28.875,2.0
28.9166666667,2.0
28.9583333333,7.0
29.0,15.0
29.0416666667,13.0
29.0833333333,16.0
29.125,26.0
29.1666666667,13.0
29.2083333333,27.0
29.25,18.0
29.2916666667,24.0
29.3333333333,19.0
29.375,31.0
29.4166666667,46.0
29.4583333333,36.0
29.5,35.0
29.5416666667,36.0
29.5833333333,49.0
29.625,8.0
29.6666666667,nan
29.7083333333,nan
29.75,nan
29.7916666667,nan
29.8333333333,nan
29.875,nan
29.9166666667,nan
29.9583333333,nan
30.0,nan
30.0416666667,nan
30.0833333333,nan
30.125,nan
30.1666666667,nan
30.2083333333,nan
30.25,nan
30.2916666667,nan
30.3333333333,nan
30.375,nan
30.4166666667,nan
30.4583333333,nan
30.5,nan
30.5416666667,8.0
30.5833333333,19.0
30.625,12.0
30.6666666667,19.0
30.7083333333,16.0
30.75,4.0
30.7916666667,4.0
30.8333333333,nan
30.875,2.0
30.9166666667,4.0
30.9583333333,1.0
31.0,10.0
31.0416666667,17.0
31.0833333333,21.0
31.125,19.0
31.1666666667,14.0
31.2083333333,15.0
31.25,20.0
31.2916666667,27.0
31.3333333333,34.0
31.375,31.0
31.4166666667,30.0
31.4583333333,37.0
31.5,48.0
31.5416666667,35.0
31.5833333333,35.0
31.625,23.0
31.6666666667,30.0
31.7083333333,14.0
31.75,8.0
31.7916666667,4.0
31.8333333333,4.0
31.875,2.0
31.9166666667,2.0
31.9583333333,4.0
32.0,8.0
32.0416666667,1.0
32.0833333333,nan
32.125,nan
32.1666666667,nan
32.2083333333,nan
32.25,nan
32.2916666667,nan
32.3333333333,3.0
32.375,35.0
32.4166666667,26.0
32.4583333333,23.0
32.5,31.0
32.5416666667,33.0
32.5833333333,29.0
32.625,29.0
32.6666666667,22.0
32.7083333333,10.0
32.75,11.0
32.7916666667,5.0
32.8333333333,3.0
32.875,3.0
32.9166666667,5.0
32.9583333333,4.0
33.0,13.0
33.0416666667,12.0
33.0833333333,22.0
33.125,20.0
33.1666666667,23.0
33.2083333333,29.0
33.25,21.0
33.2916666667,24.0
