0.0,1.0
0.0416666666667,nan
0.0833333333333,nan
0.125,nan
0.166666666667,nan
0.208333333333,nan
0.25,nan
0.291666666667,nan
0.333333333333,nan
0.375,nan
0.416666666667,nan
0.458333333333,nan
0.5,nan
0.541666666667,nan
0.583333333333,nan
0.625,nan
0.666666666667,nan
0.708333333333,nan
0.75,nan
0.791666666667,nan
0.833333333333,nan
0.875,nan
0.916666666667,nan
0.958333333333,nan
1.0,nan
1.04166666667,nan
1.08333333333,nan
1.125,nan
1.16666666667,nan
1.20833333333,nan
1.25,nan
1.29166666667,nan
1.33333333333,nan
1.375,nan
1.41666666667,nan
1.45833333333,nan
1.5,nan
1.54166666667,nan
1.58333333333,nan
1.625,nan
1.66666666667,nan
1.70833333333,nan
1.75,nan
1.79166666667,nan
1.83333333333,nan
1.875,nan
1.91666666667,nan
1.95833333333,nan
2.0,nan
2.04166666667,nan
2.08333333333,nan
2.125,nan
2.16666666667,nan
2.20833333333,nan
2.25,nan
2.29166666667,nan
2.33333333333,nan
2.375,nan
2.41666666667,nan
2.45833333333,nan
2.5,nan
2.54166666667,nan
2.58333333333,nan
2.625,nan
2.66666666667,nan
2.70833333333,nan
2.75,nan
2.79166666667,nan
2.83333333333,nan
2.875,nan
2.91666666667,nan
2.95833333333,nan
3.0,nan
3.04166666667,nan
3.08333333333,nan
3.125,nan
3.16666666667,nan
3.20833333333,nan
3.25,nan
3.29166666667,nan
3.33333333333,nan
3.375,nan
3.41666666667,nan
3.45833333333,nan
3.5,nan
3.54166666667,nan
3.58333333333,12.0
3.625,13.0
3.66666666667,17.0
3.70833333333,17.0
3.75,21.0
3.79166666667,17.0
3.83333333333,14.0
3.875,23.0
3.91666666667,19.0
3.95833333333,24.0
4.0,34.0
4.04166666667,24.0
4.08333333333,11.0
4.125,20.0
4.16666666667,21.0
4.20833333333,17.0
4.25,7.0
4.29166666667,1.0
4.33333333333,1.0
4.375,2.0
4.41666666667,nan
4.45833333333,1.0
4.5,7.0
4.54166666667,10.0
4.58333333333,14.0
4.625,18.0
4.66666666667,14.0
4.70833333333,24.0
4.75,21.0
4.79166666667,19.0
4.83333333333,29.0
4.875,20.0
4.91666666667,23.0
4.95833333333,23.0
5.0,23.0
5.04166666667,13.0
5.08333333333,19.0
5.125,10.0
5.16666666667,15.0
5.20833333333,15.0
5.25,9.0
5.29166666667,1.0
5.33333333333,2.0
5.375,1.0
5.41666666667,1.0
5.45833333333,2.0
5.5,6.0
5.54166666667,1.0
5.58333333333,11.0
5.625,12.0
5.66666666667,12.0
5.70833333333,20.0
5.75,19.0
5.79166666667,16.0
5.83333333333,18.0
5.875,21.0
5.91666666667,19.0
5.95833333333,14.0
6.0,20.0
6.04166666667,17.0
6.08333333333,13.0
6.125,13.0
6.16666666667,10.0
6.20833333333,5.0
6.25,4.0
6.29166666667,5.0
6.33333333333,1.0
6.375,nan
6.41666666667,1.0
6.45833333333,nan
6.5,2.0
6.54166666667,nan
6.58333333333,2.0
6.625,7.0
6.66666666667,10.0
6.70833333333,19.0
6.75,11.0
6.79166666667,15.0
6.83333333333,20.0
6.875,20.0
6.91666666667,12.0
6.95833333333,18.0
7.0,21.0
7.04166666667,27.0
7.08333333333,20.0
7.125,20.0
7.16666666667,9.0
7.20833333333,13.0
7.25,8.0
7.29166666667,4.0
7.33333333333,6.0
7.375,3.0
7.41666666667,1.0
7.45833333333,nan
7.5,1.0
7.54166666667,6.0
7.58333333333,5.0
7.625,9.0
7.66666666667,9.0
7.70833333333,11.0
7.75,22.0
7.79166666667,17.0
7.83333333333,23.0
7.875,30.0
7.91666666667,17.0
7.95833333333,27.0
8.0,15.0
8.04166666667,16.0
8.08333333333,14.0
8.125,26.0
8.16666666667,18.0
8.20833333333,22.0
8.25,12.0
8.29166666667,7.0
8.33333333333,2.0
8.375,2.0
8.41666666667,1.0
8.45833333333,3.0
8.5,2.0
8.54166666667,1.0
8.58333333333,6.0
8.625,10.0
8.66666666667,17.0
8.70833333333,14.0
8.75,24.0
8.79166666667,21.0
8.83333333333,24.0
8.875,20.0
8.91666666667,23.0
8.95833333333,16.0
9.0,14.0
9.04166666667,21.0
9.08333333333,23.0
9.125,12.0
9.16666666667,15.0
9.20833333333,10.0
9.25,3.0
9.29166666667,7.0
9.33333333333,2.0
9.375,1.0
9.41666666667,1.0
9.45833333333,2.0
9.5,2.0
9.54166666667,7.0
9.58333333333,15.0
9.625,12.0
9.66666666667,22.0
9.70833333333,19.0
9.75,14.0
9.79166666667,18.0
9.83333333333,17.0
9.875,18.0
9.91666666667,30.0
9.95833333333,35.0
10.0,16.0
10.0416666667,22.0
10.0833333333,21.0
10.125,11.0
10.1666666667,17.0
10.2083333333,9.0
10.25,8.0
10.2916666667,4.0
10.3333333333,1.0
10.375,2.0
10.4166666667,nan
10.4583333333,1.0
10.5,3.0
10.5416666667,3.0
10.5833333333,12.0
10.625,15.0
10.6666666667,19.0
10.7083333333,23.0
10.75,19.0
10.7916666667,32.0
10.8333333333,19.0
10.875,13.0
10.9166666667,19.0
10.9583333333,27.0
11.0,19.0
11.0416666667,25.0
11.0833333333,18.0
11.125,25.0
11.1666666667,18.0
11.2083333333,15.0
11.25,4.0
11.2916666667,3.0
11.3333333333,1.0
11.375,nan
11.4166666667,nan
11.4583333333,nan
11.5,3.0
11.5416666667,7.0
11.5833333333,22.0
11.625,15.0
11.6666666667,13.0
11.7083333333,28.0
11.75,32.0
11.7916666667,21.0
11.8333333333,21.0
11.875,18.0
11.9166666667,36.0
11.9583333333,28.0
12.0,37.0
12.0416666667,35.0
12.0833333333,30.0
12.125,18.0
12.1666666667,24.0
12.2083333333,9.0
12.25,3.0
12.2916666667,2.0
12.3333333333,2.0
12.375,1.0
12.4166666667,1.0
12.4583333333,nan
12.5,3.0
12.5416666667,7.0
12.5833333333,14.0
12.625,14.0
12.6666666667,18.0
12.7083333333,25.0
12.75,18.0
12.7916666667,27.0
12.8333333333,32.0
12.875,23.0
12.9166666667,28.0
12.9583333333,29.0
13.0,36.0
13.0416666667,28.0
13.0833333333,30.0
13.125,28.0
13.1666666667,24.0
13.2083333333,30.0
13.25,9.0
13.2916666667,7.0
13.3333333333,nan
13.375,nan
13.4166666667,1.0
13.4583333333,4.0
13.5,7.0
13.5416666667,8.0
13.5833333333,12.0
13.625,21.0
13.6666666667,17.0
13.7083333333,26.0
13.75,28.0
13.7916666667,22.0
13.8333333333,25.0
13.875,26.0
13.9166666667,25.0
13.9583333333,34.0
