0.0,1.0
0.0416666666667,nan
0.0833333333333,nan
0.125,nan
0.166666666667,nan
0.208333333333,nan
0.25,nan
0.291666666667,nan
0.333333333333,nan
0.375,nan
0.416666666667,nan
0.458333333333,nan
0.5,nan
0.541666666667,nan
0.583333333333,22.0
0.625,56.0
0.666666666667,53.0
0.708333333333,73.0
0.75,84.0
0.791666666667,91.0
0.833333333333,73.0
0.875,75.0
0.916666666667,95.0
0.958333333333,108.0
1.0,97.0
1.04166666667,89.0
1.08333333333,94.0
1.125,106.0
1.16666666667,99.0
1.20833333333,69.0
1.25,36.0
1.29166666667,24.0
1.33333333333,10.0
1.375,5.0
1.41666666667,7.0
1.45833333333,6.0
1.5,14.0
1.54166666667,41.0
1.58333333333,42.0
1.625,50.0
1.66666666667,55.0
1.70833333333,78.0
1.75,87.0
1.79166666667,91.0
1.83333333333,87.0
1.875,84.0
1.91666666667,81.0
1.95833333333,81.0
2.0,85.0
2.04166666667,74.0
2.08333333333,62.0
2.125,77.0
2.16666666667,69.0
2.20833333333,38.0
2.25,38.0
2.29166666667,16.0
2.33333333333,11.0
2.375,5.0
2.41666666667,4.0
2.45833333333,8.0
2.5,10.0
2.54166666667,10.0
2.58333333333,23.0
2.625,37.0
2.66666666667,38.0
2.70833333333,54.0
2.75,40.0
2.79166666667,62.0
2.83333333333,55.0
2.875,73.0
2.91666666667,60.0
2.95833333333,52.0
3.0,55.0
3.04166666667,32.0
3.08333333333,43.0
3.125,32.0
3.16666666667,27.0
3.20833333333,26.0
3.25,20.0
3.29166666667,7.0
3.33333333333,7.0
3.375,4.0
3.41666666667,2.0
3.45833333333,3.0
3.5,8.0
3.54166666667,11.0
3.58333333333,13.0
3.625,18.0
3.66666666667,44.0
3.70833333333,52.0
3.75,59.0
3.79166666667,61.0
3.83333333333,102.0
3.875,84.0
3.91666666667,92.0
3.95833333333,76.0
4.0,67.0
4.04166666667,90.0
4.08333333333,66.0
4.125,61.0
4.16666666667,55.0
4.20833333333,45.0
4.25,42.0
4.29166666667,24.0
4.33333333333,11.0
4.375,9.0
4.41666666667,3.0
4.45833333333,2.0
4.5,5.0
4.54166666667,16.0
4.58333333333,29.0
4.625,40.0
4.66666666667,57.0
4.70833333333,56.0
4.75,73.0
4.79166666667,96.0
4.83333333333,75.0
4.875,99.0
4.91666666667,102.0
4.95833333333,88.0
5.0,89.0
5.04166666667,83.0
5.08333333333,109.0
5.125,103.0
5.16666666667,91.0
5.20833333333,41.0
5.25,35.0
5.29166666667,17.0
5.33333333333,16.0
5.375,14.0
5.41666666667,3.0
5.45833333333,3.0
5.5,8.0
5.54166666667,14.0
5.58333333333,18.0
5.625,30.0
5.66666666667,45.0
5.70833333333,54.0
5.75,66.0
5.79166666667,59.0
5.83333333333,73.0
5.875,89.0
5.91666666667,64.0
5.95833333333,65.0
6.0,61.0
6.04166666667,66.0
6.08333333333,54.0
6.125,36.0
6.16666666667,47.0
6.20833333333,25.0
6.25,14.0
6.29166666667,3.0
6.33333333333,3.0
6.375,nan
6.41666666667,3.0
6.45833333333,8.0
6.5,12.0
6.54166666667,20.0
6.58333333333,40.0
6.625,33.0
6.66666666667,57.0
6.70833333333,63.0
6.75,63.0
6.79166666667,71.0
6.83333333333,65.0
6.875,74.0
6.91666666667,69.0
6.95833333333,77.0
7.0,108.0
7.04166666667,88.0
7.08333333333,98.0
7.125,61.0
7.16666666667,47.0
7.20833333333,26.0
7.25,15.0
7.29166666667,5.0
7.33333333333,8.0
7.375,nan
7.41666666667,2.0
7.45833333333,3.0
7.5,8.0
7.54166666667,22.0
7.58333333333,37.0
7.625,42.0
7.66666666667,49.0
7.70833333333,50.0
7.75,57.0
7.79166666667,55.0
7.83333333333,65.0
7.875,51.0
7.91666666667,69.0
7.95833333333,71.0
8.0,78.0
8.04166666667,84.0
8.08333333333,97.0
8.125,79.0
8.16666666667,61.0
8.20833333333,38.0
8.25,23.0
8.29166666667,7.0
8.33333333333,4.0
8.375,2.0
8.41666666667,1.0
8.45833333333,1.0
8.5,13.0
8.54166666667,24.0
8.58333333333,58.0
8.625,51.0
8.66666666667,53.0
8.70833333333,76.0
8.75,78.0
8.79166666667,89.0
8.83333333333,90.0
8.875,71.0
8.91666666667,56.0
8.95833333333,101.0
9.0,110.0
9.04166666667,106.0
9.08333333333,122.0
9.125,97.0
9.16666666667,71.0
9.20833333333,55.0
9.25,29.0
9.29166666667,16.0
9.33333333333,8.0
9.375,5.0
9.41666666667,1.0
9.45833333333,3.0
9.5,10.0
9.54166666667,33.0
9.58333333333,53.0
9.625,53.0
9.66666666667,73.0
9.70833333333,73.0
9.75,72.0
9.79166666667,88.0
9.83333333333,101.0
9.875,113.0
9.91666666667,87.0
9.95833333333,105.0
10.0,113.0
10.0416666667,121.0
10.0833333333,94.0
10.125,99.0
10.1666666667,86.0
10.2083333333,69.0
10.25,30.0
10.2916666667,13.0
10.3333333333,8.0
10.375,4.0
10.4166666667,6.0
10.4583333333,3.0
10.5,23.0
10.5416666667,27.0
10.5833333333,53.0
10.625,54.0
10.6666666667,65.0
10.7083333333,70.0
10.75,87.0
10.7916666667,89.0
10.8333333333,104.0
10.875,118.0
10.9166666667,118.0
10.9583333333,111.0
11.0,131.0
11.0416666667,95.0
11.0833333333,119.0
11.125,115.0
11.1666666667,86.0
11.2083333333,84.0
11.25,60.0
11.2916666667,47.0
11.3333333333,24.0
11.375,16.0
11.4166666667,3.0
11.4583333333,2.0
11.5,6.0
11.5416666667,16.0
11.5833333333,28.0
11.625,51.0
11.6666666667,83.0
11.7083333333,85.0
11.75,100.0
11.7916666667,117.0
11.8333333333,99.0
11.875,115.0
11.9166666667,109.0
11.9583333333,139.0
12.0,83.0
12.0416666667,119.0
12.0833333333,133.0
12.125,134.0
12.1666666667,115.0
12.2083333333,104.0
12.25,73.0
12.2916666667,31.0
12.3333333333,18.0
12.375,7.0
12.4166666667,4.0
12.4583333333,4.0
12.5,11.0
12.5416666667,19.0
12.5833333333,43.0
12.625,40.0
12.6666666667,76.0
12.7083333333,79.0
12.75,104.0
12.7916666667,131.0
12.8333333333,111.0
12.875,145.0
12.9166666667,103.0
12.9583333333,100.0
13.0,95.0
13.0416666667,99.0
13.0833333333,81.0
13.125,79.0
13.1666666667,52.0
13.2083333333,37.0
13.25,15.0
13.2916666667,9.0
13.3333333333,9.0
13.375,5.0
13.4166666667,1.0
13.4583333333,3.0
13.5,9.0
13.5416666667,32.0
13.5833333333,40.0
13.625,44.0
13.6666666667,73.0
13.7083333333,83.0
13.75,95.0
13.7916666667,117.0
13.8333333333,105.0
13.875,114.0
13.9166666667,94.0
13.9583333333,99.0
