0.0,59.0
0.0416666666667,41.0
0.0833333333333,35.0
0.125,43.0
0.166666666667,30.0
0.208333333333,17.0
0.25,19.0
0.291666666667,7.0
0.333333333333,6.0
0.375,8.0
0.416666666667,4.0
0.458333333333,7.0
0.5,7.0
0.541666666667,12.0
0.583333333333,11.0
0.625,22.0
0.666666666667,38.0
0.708333333333,53.0
0.75,82.0
0.791666666667,107.0
0.833333333333,156.0
0.875,166.0
0.916666666667,120.0
0.958333333333,116.0
1.0,70.0
1.04166666667,82.0
1.08333333333,73.0
1.125,70.0
1.16666666667,73.0
1.20833333333,60.0
1.25,50.0
1.29166666667,40.0
1.33333333333,35.0
1.375,14.0
1.41666666667,4.0
1.45833333333,5.0
1.5,5.0
1.54166666667,17.0
1.58333333333,25.0
1.625,39.0
1.66666666667,71.0
1.70833333333,100.0
1.75,116.0
1.79166666667,119.0
1.83333333333,170.0
1.875,149.0
1.91666666667,108.0
1.95833333333,94.0
2.0,101.0
2.04166666667,70.0
2.08333333333,76.0
2.125,86.0
2.16666666667,52.0
2.20833333333,70.0
2.25,49.0
2.29166666667,27.0
2.33333333333,28.0
2.375,11.0
2.41666666667,7.0
2.45833333333,8.0
2.5,9.0
2.54166666667,13.0
2.58333333333,26.0
2.625,57.0
2.66666666667,59.0
2.70833333333,79.0
2.75,70.0
2.79166666667,100.0
2.83333333333,112.0
2.875,114.0
2.91666666667,93.0
2.95833333333,84.0
3.0,71.0
3.04166666667,68.0
3.08333333333,52.0
3.125,47.0
3.16666666667,34.0
3.20833333333,28.0
3.25,15.0
3.29166666667,7.0
3.33333333333,7.0
3.375,4.0
3.41666666667,4.0
3.45833333333,2.0
3.5,13.0
3.54166666667,24.0
3.58333333333,36.0
3.625,49.0
3.66666666667,50.0
3.70833333333,54.0
3.75,68.0
3.79166666667,83.0
3.83333333333,92.0
3.875,102.0
3.91666666667,73.0
3.95833333333,79.0
4.0,95.0
4.04166666667,70.0
4.08333333333,69.0
4.125,60.0
4.16666666667,44.0
4.20833333333,37.0
4.25,17.0
4.29166666667,14.0
4.33333333333,3.0
4.375,2.0
4.41666666667,3.0
4.45833333333,11.0
4.5,14.0
4.54166666667,25.0
4.58333333333,39.0
4.625,43.0
4.66666666667,69.0
4.70833333333,81.0
4.75,75.0
4.79166666667,76.0
4.83333333333,76.0
4.875,93.0
4.91666666667,85.0
4.95833333333,97.0
5.0,92.0
5.04166666667,114.0
5.08333333333,93.0
5.125,79.0
5.16666666667,58.0
5.20833333333,40.0
5.25,16.0
5.29166666667,15.0
5.33333333333,7.0
5.375,5.0
5.41666666667,5.0
5.45833333333,5.0
5.5,16.0
5.54166666667,19.0
5.58333333333,49.0
5.625,69.0
5.66666666667,80.0
5.70833333333,84.0
5.75,103.0
5.79166666667,92.0
5.83333333333,94.0
5.875,98.0
5.91666666667,100.0
5.95833333333,107.0
6.0,113.0
6.04166666667,133.0
6.08333333333,133.0
6.125,119.0
6.16666666667,90.0
6.20833333333,64.0
6.25,44.0
6.29166666667,21.0
6.33333333333,12.0
6.375,8.0
6.41666666667,3.0
6.45833333333,13.0
6.5,24.0
6.54166666667,32.0
6.58333333333,58.0
6.625,63.0
6.66666666667,72.0
6.70833333333,100.0
6.75,109.0
6.79166666667,131.0
6.83333333333,102.0
6.875,85.0
6.91666666667,91.0
6.95833333333,126.0
7.0,166.0
7.04166666667,162.0
7.08333333333,158.0
7.125,141.0
7.16666666667,106.0
7.20833333333,92.0
7.25,52.0
7.29166666667,37.0
7.33333333333,13.0
7.375,5.0
7.41666666667,11.0
7.45833333333,8.0
7.5,21.0
7.54166666667,36.0
7.58333333333,61.0
7.625,69.0
7.66666666667,83.0
7.70833333333,108.0
7.75,131.0
7.79166666667,134.0
7.83333333333,124.0
7.875,141.0
7.91666666667,130.0
7.95833333333,154.0
8.0,156.0
8.04166666667,134.0
8.08333333333,154.0
8.125,138.0
8.16666666667,132.0
8.20833333333,92.0
8.25,79.0
8.29166666667,53.0
8.33333333333,40.0
8.375,16.0
8.41666666667,6.0
8.45833333333,10.0
8.5,7.0
8.54166666667,12.0
8.58333333333,44.0
8.625,74.0
8.66666666667,111.0
8.70833333333,122.0
8.75,143.0
8.79166666667,143.0
8.83333333333,186.0
8.875,180.0
8.91666666667,184.0
8.95833333333,145.0
9.0,127.0
9.04166666667,149.0
9.08333333333,136.0
9.125,138.0
9.16666666667,161.0
9.20833333333,129.0
9.25,109.0
9.29166666667,98.0
9.33333333333,50.0
9.375,21.0
9.41666666667,17.0
9.45833333333,10.0
9.5,11.0
9.54166666667,23.0
9.58333333333,44.0
9.625,68.0
9.66666666667,98.0
9.70833333333,148.0
9.75,145.0
9.79166666667,181.0
9.83333333333,192.0
9.875,172.0
9.91666666667,145.0
9.95833333333,123.0
10.0,126.0
10.0416666667,110.0
10.0833333333,100.0
10.125,84.0
10.1666666667,66.0
10.2083333333,47.0
10.25,34.0
10.2916666667,31.0
10.3333333333,8.0
10.375,5.0
10.4166666667,4.0
10.4583333333,2.0
10.5,24.0
10.5416666667,40.0
10.5833333333,47.0
10.625,51.0
10.6666666667,68.0
10.7083333333,86.0
10.75,106.0
10.7916666667,109.0
10.8333333333,118.0
10.875,113.0
10.9166666667,110.0
10.9583333333,94.0
11.0,120.0
11.0416666667,124.0
11.0833333333,90.0
11.125,74.0
11.1666666667,63.0
11.2083333333,40.0
11.25,27.0
11.2916666667,15.0
11.3333333333,14.0
11.375,4.0
11.4166666667,5.0
11.4583333333,5.0
11.5,16.0
11.5416666667,34.0
11.5833333333,44.0
11.625,nan
11.6666666667,nan
11.7083333333,nan
11.75,nan
11.7916666667,nan
11.8333333333,nan
11.875,nan
11.9166666667,nan
11.9583333333,nan
12.0,nan
12.0416666667,nan
12.0833333333,nan
12.125,nan
12.1666666667,nan
12.2083333333,28.0
12.25,27.0
12.2916666667,18.0
12.3333333333,6.0
12.375,1.0
12.4166666667,5.0
12.4583333333,5.0
12.5,11.0
12.5416666667,27.0
12.5833333333,54.0
12.625,57.0
12.6666666667,54.0
12.7083333333,95.0
12.75,114.0
12.7916666667,94.0
12.8333333333,108.0
12.875,105.0
12.9166666667,98.0
12.9583333333,107.0
13.0,85.0
13.0416666667,92.0
13.0833333333,96.0
13.125,77.0
13.1666666667,65.0
13.2083333333,51.0
13.25,37.0
13.2916666667,18.0
13.3333333333,13.0
13.375,6.0
13.4166666667,4.0
13.4583333333,5.0
13.5,9.0
13.5416666667,34.0
13.5833333333,46.0
13.625,62.0
13.6666666667,92.0
13.7083333333,91.0
13.75,107.0
13.7916666667,115.0
13.8333333333,97.0
13.875,121.0
13.9166666667,100.0
13.9583333333,117.0
