0.0,20.0
0.0416666666667,54.0
0.0833333333333,82.0
0.125,76.0
0.166666666667,92.0
0.208333333333,74.0
0.25,80.0
0.291666666667,131.0
0.333333333333,106.0
0.375,108.0
0.416666666667,112.0
0.458333333333,92.0
0.5,98.0
0.541666666667,93.0
0.583333333333,74.0
0.625,40.0
0.666666666667,24.0
0.708333333333,14.0
0.75,5.0
0.791666666667,2.0
0.833333333333,8.0
0.875,10.0
0.916666666667,13.0
0.958333333333,31.0
1.0,55.0
1.04166666667,63.0
1.08333333333,63.0
1.125,82.0
1.16666666667,83.0
1.20833333333,94.0
1.25,89.0
1.29166666667,99.0
1.33333333333,96.0
1.375,129.0
1.41666666667,122.0
1.45833333333,93.0
1.5,104.0
1.54166666667,94.0
1.58333333333,95.0
1.625,48.0
1.66666666667,37.0
1.70833333333,17.0
1.75,14.0
1.79166666667,12.0
1.83333333333,6.0
1.875,24.0
1.91666666667,55.0
1.95833333333,88.0
2.0,120.0
2.04166666667,198.0
2.08333333333,238.0
2.125,190.0
2.16666666667,133.0
2.20833333333,31.0
2.25,nan
2.29166666667,nan
2.33333333333,nan
2.375,nan
2.41666666667,nan
2.45833333333,nan
2.5,nan
2.54166666667,nan
2.58333333333,30.0
2.625,43.0
2.66666666667,32.0
2.70833333333,17.0
2.75,5.0
2.79166666667,12.0
2.83333333333,9.0
2.875,12.0
2.91666666667,16.0
2.95833333333,32.0
3.0,28.0
3.04166666667,46.0
3.08333333333,36.0
3.125,62.0
3.16666666667,73.0
3.20833333333,62.0
3.25,111.0
3.29166666667,137.0
3.33333333333,129.0
3.375,119.0
3.41666666667,135.0
3.45833333333,104.0
3.5,113.0
3.54166666667,117.0
3.58333333333,96.0
3.625,77.0
3.66666666667,38.0
3.70833333333,26.0
3.75,17.0
3.79166666667,6.0
3.83333333333,4.0
3.875,9.0
3.91666666667,6.0
3.95833333333,25.0
4.0,28.0
4.04166666667,47.0
4.08333333333,55.0
4.125,73.0
4.16666666667,124.0
4.20833333333,89.0
4.25,110.0
4.29166666667,96.0
4.33333333333,104.0
4.375,113.0
4.41666666667,114.0
4.45833333333,95.0
4.5,113.0
4.54166666667,110.0
4.58333333333,109.0
4.625,76.0
4.66666666667,30.0
4.70833333333,29.0
4.75,17.0
4.79166666667,13.0
4.83333333333,10.0
4.875,5.0
4.91666666667,7.0
4.95833333333,18.0
5.0,30.0
5.04166666667,38.0
5.08333333333,46.0
5.125,50.0
5.16666666667,64.0
5.20833333333,86.0
5.25,65.0
5.29166666667,88.0
5.33333333333,87.0
5.375,109.0
5.41666666667,76.0
5.45833333333,65.0
5.5,67.0
5.54166666667,62.0
5.58333333333,65.0
5.625,33.0
5.66666666667,18.0
5.70833333333,10.0
5.75,6.0
5.79166666667,5.0
5.83333333333,3.0
5.875,8.0
5.91666666667,16.0
5.95833333333,19.0
6.0,45.0
6.04166666667,40.0
6.08333333333,41.0
6.125,40.0
6.16666666667,54.0
6.20833333333,71.0
6.25,66.0
6.29166666667,57.0
6.33333333333,79.0
6.375,67.0
6.41666666667,74.0
6.45833333333,69.0
6.5,53.0
6.54166666667,61.0
6.58333333333,39.0
6.625,26.0
6.66666666667,23.0
6.70833333333,9.0
6.75,5.0
6.79166666667,5.0
6.83333333333,3.0
6.875,7.0
6.91666666667,13.0
6.95833333333,26.0
7.0,42.0
7.04166666667,41.0
7.08333333333,64.0
7.125,60.0
7.16666666667,60.0
7.20833333333,65.0
7.25,62.0
7.29166666667,79.0
7.33333333333,74.0
7.375,72.0
7.41666666667,88.0
7.45833333333,83.0
7.5,73.0
7.54166666667,64.0
7.58333333333,45.0
7.625,35.0
7.66666666667,13.0
7.70833333333,9.0
7.75,8.0
7.79166666667,3.0
7.83333333333,2.0
7.875,10.0
7.91666666667,16.0
7.95833333333,24.0
8.0,51.0
8.04166666667,50.0
8.08333333333,45.0
8.125,69.0
8.16666666667,73.0
8.20833333333,71.0
8.25,77.0
8.29166666667,83.0
8.33333333333,123.0
8.375,66.0
8.41666666667,102.0
8.45833333333,106.0
8.5,82.0
8.54166666667,115.0
8.58333333333,57.0
8.625,50.0
8.66666666667,27.0
8.70833333333,15.0
8.75,5.0
8.79166666667,6.0
8.83333333333,5.0
8.875,9.0
8.91666666667,16.0
8.95833333333,41.0
9.0,65.0
9.04166666667,68.0
9.08333333333,82.0
9.125,70.0
9.16666666667,85.0
9.20833333333,99.0
9.25,72.0
9.29166666667,85.0
9.33333333333,108.0
9.375,112.0
9.41666666667,100.0
9.45833333333,95.0
9.5,116.0
9.54166666667,121.0
9.58333333333,91.0
9.625,60.0
9.66666666667,25.0
9.70833333333,13.0
9.75,11.0
9.79166666667,9.0
9.83333333333,5.0
9.875,5.0
9.91666666667,16.0
9.95833333333,35.0
10.0,62.0
10.0416666667,76.0
10.0833333333,89.0
10.125,91.0
10.1666666667,94.0
10.2083333333,98.0
10.25,112.0
10.2916666667,113.0
10.3333333333,94.0
10.375,132.0
10.4166666667,147.0
10.4583333333,121.0
10.5,125.0
10.5416666667,106.0
10.5833333333,110.0
10.625,56.0
10.6666666667,35.0
10.7083333333,18.0
10.75,8.0
10.7916666667,6.0
10.8333333333,2.0
10.875,2.0
10.9166666667,8.0
10.9583333333,20.0
11.0,28.0
11.0416666667,45.0
11.0833333333,67.0
11.125,69.0
11.1666666667,107.0
11.2083333333,103.0
11.25,128.0
11.2916666667,124.0
11.3333333333,143.0
11.375,153.0
11.4166666667,160.0
11.4583333333,128.0
11.5,128.0
11.5416666667,150.0
11.5833333333,122.0
11.625,103.0
11.6666666667,59.0
11.7083333333,30.0
11.75,21.0
11.7916666667,7.0
11.8333333333,10.0
11.875,16.0
11.9166666667,7.0
11.9583333333,23.0
12.0,30.0
12.0416666667,46.0
12.0833333333,64.0
12.125,75.0
12.1666666667,100.0
12.2083333333,96.0
12.25,99.0
12.2916666667,133.0
12.3333333333,136.0
12.375,122.0
12.4166666667,111.0
12.4583333333,83.0
12.5,79.0
12.5416666667,68.0
12.5833333333,60.0
12.625,33.0
12.6666666667,22.0
12.7083333333,12.0
12.75,8.0
12.7916666667,4.0
12.8333333333,7.0
12.875,6.0
12.9166666667,20.0
12.9583333333,26.0
13.0,52.0
13.0416666667,66.0
13.0833333333,74.0
13.125,55.0
13.1666666667,80.0
13.2083333333,88.0
13.25,90.0
13.2916666667,89.0
13.3333333333,90.0
13.375,109.0
13.4166666667,145.0
13.4583333333,104.0
13.5,108.0
13.5416666667,97.0
13.5833333333,81.0
13.625,53.0
13.6666666667,34.0
13.7083333333,19.0
13.75,17.0
13.7916666667,2.0
13.8333333333,6.0
13.875,4.0
13.9166666667,13.0
13.9583333333,30.0
14.0,38.0
14.0416666667,nan
14.0833333333,nan
14.125,nan
14.1666666667,nan
14.2083333333,nan
14.25,nan
14.2916666667,nan
14.3333333333,nan
14.375,nan
14.4166666667,nan
14.4583333333,nan
14.5,nan
14.5416666667,nan
14.5833333333,nan
14.625,25.0
14.6666666667,23.0
14.7083333333,15.0
14.75,6.0
14.7916666667,5.0
14.8333333333,6.0
14.875,9.0
14.9166666667,12.0
14.9583333333,37.0
15.0,55.0
15.0416666667,54.0
15.0833333333,65.0
15.125,73.0
15.1666666667,102.0
15.2083333333,87.0
15.25,81.0
15.2916666667,84.0
15.3333333333,87.0
15.375,89.0
15.4166666667,93.0
15.4583333333,87.0
15.5,90.0
15.5416666667,72.0
15.5833333333,69.0
15.625,38.0
15.6666666667,22.0
15.7083333333,12.0
15.75,5.0
15.7916666667,3.0
15.8333333333,2.0
15.875,8.0
15.9166666667,13.0
15.9583333333,36.0
16.0,37.0
16.0416666667,48.0
16.0833333333,72.0
16.125,81.0
16.1666666667,99.0
16.2083333333,87.0
16.25,89.0
16.2916666667,125.0
16.3333333333,105.0
16.375,85.0
16.4166666667,129.0
16.4583333333,97.0
16.5,91.0
16.5416666667,74.0
16.5833333333,48.0
16.625,48.0
16.6666666667,16.0
16.7083333333,9.0
16.75,4.0
16.7916666667,7.0
16.8333333333,1.0
16.875,10.0
16.9166666667,18.0
16.9583333333,28.0
17.0,48.0
17.0416666667,60.0
17.0833333333,69.0
17.125,76.0
17.1666666667,84.0
17.2083333333,92.0
17.25,82.0
17.2916666667,110.0
17.3333333333,91.0
17.375,90.0
17.4166666667,121.0
17.4583333333,112.0
17.5,109.0
17.5416666667,86.0
17.5833333333,88.0
17.625,53.0
17.6666666667,44.0
17.7083333333,20.0
17.75,12.0
17.7916666667,7.0
17.8333333333,7.0
17.875,6.0
17.9166666667,11.0
17.9583333333,31.0
18.0,38.0
18.0416666667,43.0
18.0833333333,80.0
18.125,73.0
18.1666666667,110.0
18.2083333333,119.0
18.25,146.0
18.2916666667,144.0
18.3333333333,169.0
18.375,138.0
18.4166666667,156.0
18.4583333333,141.0
18.5,158.0
18.5416666667,120.0
18.5833333333,121.0
18.625,82.0
18.6666666667,63.0
18.7083333333,35.0
18.75,14.0
18.7916666667,12.0
18.8333333333,1.0
18.875,9.0
18.9166666667,13.0
18.9583333333,26.0
19.0,34.0
19.0416666667,38.0
19.0833333333,64.0
19.125,77.0
19.1666666667,81.0
19.2083333333,92.0
19.25,105.0
19.2916666667,111.0
19.3333333333,115.0
19.375,86.0
19.4166666667,107.0
19.4583333333,100.0
19.5,78.0
19.5416666667,82.0
19.5833333333,56.0
19.625,50.0
19.6666666667,16.0
19.7083333333,13.0
19.75,6.0
19.7916666667,4.0
19.8333333333,6.0
19.875,11.0
19.9166666667,21.0
19.9583333333,33.0
20.0,56.0
20.0416666667,47.0
20.0833333333,70.0
20.125,72.0
20.1666666667,69.0
20.2083333333,74.0
20.25,91.0
20.2916666667,77.0
20.3333333333,85.0
20.375,133.0
20.4166666667,109.0
20.4583333333,76.0
20.5,78.0
20.5416666667,84.0
20.5833333333,59.0
20.625,33.0
20.6666666667,21.0
20.7083333333,18.0
20.75,10.0
20.7916666667,5.0
20.8333333333,9.0
20.875,8.0
20.9166666667,18.0
20.9583333333,34.0
21.0,55.0
21.0416666667,42.0
21.0833333333,65.0
21.125,63.0
21.1666666667,83.0
21.2083333333,60.0
21.25,80.0
21.2916666667,80.0
21.3333333333,96.0
21.375,97.0
21.4166666667,119.0
21.4583333333,109.0
21.5,94.0
21.5416666667,99.0
21.5833333333,71.0
21.625,35.0
21.6666666667,27.0
21.7083333333,11.0
21.75,4.0
21.7916666667,nan
21.8333333333,2.0
21.875,10.0
21.9166666667,16.0
21.9583333333,25.0
22.0,54.0
22.0416666667,61.0
22.0833333333,66.0
22.125,89.0
22.1666666667,92.0
22.2083333333,90.0
22.25,87.0
22.2916666667,97.0
22.3333333333,95.0
22.375,116.0
22.4166666667,108.0
22.4583333333,91.0
22.5,85.0
22.5416666667,74.0
22.5833333333,55.0
22.625,50.0
22.6666666667,31.0
22.7083333333,9.0
22.75,7.0
22.7916666667,3.0
22.8333333333,2.0
22.875,10.0
22.9166666667,19.0
22.9583333333,22.0
23.0,54.0
23.0416666667,63.0
23.0833333333,77.0
23.125,83.0
23.1666666667,103.0
23.2083333333,112.0
23.25,84.0
23.2916666667,107.0
23.3333333333,98.0
23.375,94.0
23.4166666667,124.0
23.4583333333,81.0
23.5,103.0
23.5416666667,74.0
23.5833333333,75.0
23.625,56.0
23.6666666667,29.0
23.7083333333,12.0
23.75,18.0
23.7916666667,5.0
23.8333333333,4.0
23.875,9.0
23.9166666667,16.0
23.9583333333,33.0
24.0,52.0
24.0416666667,63.0
24.0833333333,75.0
24.125,101.0
24.1666666667,101.0
24.2083333333,100.0
24.25,105.0
24.2916666667,118.0
24.3333333333,105.0
24.375,122.0
24.4166666667,138.0
24.4583333333,109.0
24.5,36.0
24.5416666667,119.0
24.5833333333,123.0
24.625,99.0
24.6666666667,53.0
24.7083333333,17.0
24.75,14.0
24.7916666667,6.0
24.8333333333,5.0
24.875,2.0
24.9166666667,2.0
24.9583333333,nan
25.0,1.0
25.0416666667,nan
25.0833333333,nan
25.125,nan
25.1666666667,7.0
25.2083333333,nan
25.25,143.0
25.2916666667,178.0
25.3333333333,174.0
25.375,171.0
25.4166666667,185.0
25.4583333333,184.0
25.5,162.0
25.5416666667,168.0
25.5833333333,145.0
25.625,105.0
25.6666666667,67.0
25.7083333333,38.0
25.75,18.0
25.7916666667,10.0
25.8333333333,4.0
25.875,14.0
25.9166666667,13.0
25.9583333333,27.0
26.0,42.0
26.0416666667,53.0
26.0833333333,96.0
26.125,96.0
26.1666666667,86.0
26.2083333333,86.0
26.25,94.0
26.2916666667,120.0
26.3333333333,104.0
26.375,107.0
26.4166666667,91.0
26.4583333333,84.0
26.5,97.0
26.5416666667,83.0
26.5833333333,59.0
26.625,36.0
26.6666666667,19.0
26.7083333333,12.0
26.75,9.0
26.7916666667,7.0
26.8333333333,3.0
26.875,4.0
26.9166666667,11.0
26.9583333333,19.0
27.0,50.0
27.0416666667,49.0
27.0833333333,63.0
27.125,64.0
27.1666666667,98.0
27.2083333333,93.0
27.25,69.0
27.2916666667,117.0
27.3333333333,114.0
27.375,113.0
27.4166666667,98.0
27.4583333333,103.0
27.5,51.0
27.5416666667,92.0
27.5833333333,58.0
27.625,45.0
27.6666666667,14.0
27.7083333333,13.0
27.75,13.0
27.7916666667,4.0
27.8333333333,4.0
27.875,6.0
27.9166666667,17.0
27.9583333333,29.0
28.0,50.0
28.0416666667,73.0
28.0833333333,63.0
28.125,82.0
28.1666666667,95.0
28.2083333333,84.0
28.25,79.0
28.2916666667,92.0
28.3333333333,103.0
28.375,120.0
28.4166666667,114.0
28.4583333333,127.0
28.5,136.0
28.5416666667,115.0
28.5833333333,84.0
28.625,70.0
28.6666666667,40.0
28.7083333333,24.0
28.75,7.0
28.7916666667,4.0
28.8333333333,3.0
28.875,7.0
28.9166666667,25.0
28.9583333333,31.0
29.0,37.0
29.0416666667,71.0
29.0833333333,80.0
29.125,68.0
29.1666666667,100.0
29.2083333333,111.0
29.25,119.0
29.2916666667,114.0
29.3333333333,110.0
29.375,126.0
29.4166666667,102.0
29.4583333333,133.0
29.5,81.0
29.5416666667,104.0
29.5833333333,59.0
29.625,36.0
29.6666666667,nan
29.7083333333,nan
29.75,nan
29.7916666667,nan
29.8333333333,nan
29.875,nan
29.9166666667,nan
29.9583333333,nan
30.0,nan
30.0416666667,nan
30.0833333333,nan
30.125,nan
30.1666666667,nan
30.2083333333,nan
30.25,nan
30.2916666667,nan
30.3333333333,nan
30.375,nan
30.4166666667,nan
30.4583333333,nan
30.5,nan
30.5416666667,11.0
30.5833333333,45.0
30.625,34.0
30.6666666667,37.0
30.7083333333,16.0
30.75,12.0
30.7916666667,1.0
30.8333333333,10.0
30.875,15.0
30.9166666667,13.0
30.9583333333,24.0
31.0,59.0
31.0416666667,82.0
31.0833333333,63.0
31.125,77.0
31.1666666667,87.0
31.2083333333,106.0
31.25,92.0
31.2916666667,115.0
31.3333333333,121.0
31.375,112.0
31.4166666667,128.0
31.4583333333,108.0
31.5,120.0
31.5416666667,101.0
31.5833333333,103.0
31.625,70.0
31.6666666667,46.0
31.7083333333,26.0
31.75,14.0
31.7916666667,12.0
31.8333333333,6.0
31.875,6.0
31.9166666667,14.0
31.9583333333,23.0
32.0,26.0
32.0416666667,5.0
32.0833333333,nan
32.125,nan
32.1666666667,nan
32.2083333333,nan
32.25,nan
32.2916666667,nan
32.3333333333,nan
32.375,143.0
32.4166666667,160.0
32.4583333333,115.0
32.5,110.0
32.5416666667,99.0
32.5833333333,79.0
32.625,72.0
32.6666666667,40.0
32.7083333333,28.0
32.75,16.0
32.7916666667,11.0
32.8333333333,3.0
32.875,5.0
32.9166666667,10.0
32.9583333333,19.0
33.0,22.0
33.0416666667,40.0
33.0833333333,45.0
33.125,61.0
33.1666666667,56.0
33.2083333333,117.0
33.25,86.0
33.2916666667,85.0
