0.0,50.0
0.0416666666667,62.0
0.0833333333333,38.0
0.125,28.0
0.166666666667,21.0
0.208333333333,20.0
0.25,10.0
0.291666666667,7.0
0.333333333333,4.0
0.375,1.0
0.416666666667,3.0
0.458333333333,2.0
0.5,6.0
0.541666666667,12.0
0.583333333333,23.0
0.625,32.0
0.666666666667,35.0
0.708333333333,38.0
0.75,43.0
0.791666666667,56.0
0.833333333333,53.0
0.875,79.0
0.916666666667,72.0
0.958333333333,48.0
1.0,49.0
1.04166666667,59.0
1.08333333333,51.0
1.125,44.0
1.16666666667,36.0
1.20833333333,37.0
1.25,32.0
1.29166666667,19.0
1.33333333333,11.0
1.375,3.0
1.41666666667,4.0
1.45833333333,5.0
1.5,11.0
1.54166666667,22.0
1.58333333333,29.0
1.625,34.0
1.66666666667,32.0
1.70833333333,35.0
1.75,54.0
1.79166666667,66.0
1.83333333333,54.0
1.875,54.0
1.91666666667,59.0
1.95833333333,55.0
2.0,92.0
2.04166666667,160.0
2.08333333333,89.0
2.125,89.0
2.16666666667,48.0
2.20833333333,49.0
2.25,30.0
2.29166666667,10.0
2.33333333333,12.0
2.375,5.0
2.41666666667,2.0
2.45833333333,5.0
2.5,7.0
2.54166666667,19.0
2.58333333333,23.0
2.625,31.0
2.66666666667,44.0
2.70833333333,94.0
2.75,145.0
2.79166666667,126.0
2.83333333333,90.0
2.875,72.0
2.91666666667,67.0
2.95833333333,61.0
3.0,34.0
3.04166666667,59.0
3.08333333333,55.0
3.125,50.0
3.16666666667,32.0
3.20833333333,18.0
3.25,10.0
3.29166666667,7.0
3.33333333333,6.0
3.375,4.0
3.41666666667,1.0
3.45833333333,8.0
3.5,8.0
3.54166666667,22.0
3.58333333333,27.0
3.625,27.0
3.66666666667,37.0
3.70833333333,37.0
3.75,51.0
3.79166666667,52.0
3.83333333333,61.0
3.875,49.0
3.91666666667,49.0
3.95833333333,46.0
4.0,55.0
4.04166666667,55.0
4.08333333333,45.0
4.125,55.0
4.16666666667,33.0
4.20833333333,21.0
4.25,17.0
4.29166666667,8.0
4.33333333333,3.0
4.375,3.0
4.41666666667,1.0
4.45833333333,8.0
4.5,11.0
4.54166666667,21.0
4.58333333333,33.0
4.625,41.0
4.66666666667,36.0
4.70833333333,44.0
4.75,50.0
4.79166666667,44.0
4.83333333333,49.0
4.875,49.0
4.91666666667,48.0
4.95833333333,42.0
5.0,46.0
5.04166666667,77.0
5.08333333333,109.0
5.125,87.0
5.16666666667,46.0
5.20833333333,36.0
5.25,6.0
5.29166666667,5.0
5.33333333333,1.0
5.375,2.0
5.41666666667,5.0
5.45833333333,5.0
5.5,14.0
5.54166666667,19.0
5.58333333333,41.0
5.625,32.0
5.66666666667,54.0
5.70833333333,56.0
5.75,55.0
5.79166666667,64.0
5.83333333333,64.0
5.875,73.0
5.91666666667,66.0
5.95833333333,129.0
6.0,203.0
6.04166666667,164.0
6.08333333333,144.0
6.125,102.0
6.16666666667,119.0
6.20833333333,89.0
6.25,36.0
6.29166666667,5.0
6.33333333333,5.0
6.375,1.0
6.41666666667,7.0
6.45833333333,6.0
6.5,22.0
6.54166666667,34.0
6.58333333333,44.0
6.625,50.0
6.66666666667,60.0
6.70833333333,66.0
6.75,80.0
6.79166666667,67.0
6.83333333333,73.0
6.875,104.0
6.91666666667,89.0
6.95833333333,159.0
7.0,179.0
7.04166666667,179.0
7.08333333333,154.0
7.125,172.0
7.16666666667,108.0
7.20833333333,77.0
7.25,27.0
7.29166666667,7.0
7.33333333333,7.0
7.375,5.0
7.41666666667,2.0
7.45833333333,17.0
7.5,26.0
7.54166666667,31.0
7.58333333333,47.0
7.625,47.0
7.66666666667,63.0
7.70833333333,77.0
7.75,84.0
7.79166666667,92.0
7.83333333333,77.0
7.875,73.0
7.91666666667,79.0
7.95833333333,83.0
8.0,181.0
8.04166666667,168.0
8.08333333333,164.0
8.125,97.0
8.16666666667,76.0
8.20833333333,59.0
8.25,47.0
8.29166666667,26.0
8.33333333333,15.0
8.375,11.0
8.41666666667,8.0
8.45833333333,5.0
8.5,11.0
8.54166666667,15.0
8.58333333333,50.0
8.625,57.0
8.66666666667,64.0
8.70833333333,57.0
8.75,70.0
8.79166666667,87.0
8.83333333333,64.0
8.875,79.0
8.91666666667,99.0
8.95833333333,81.0
9.0,128.0
9.04166666667,123.0
9.08333333333,124.0
9.125,178.0
9.16666666667,143.0
9.20833333333,111.0
9.25,70.0
9.29166666667,47.0
9.33333333333,23.0
9.375,15.0
9.41666666667,2.0
9.45833333333,3.0
9.5,15.0
9.54166666667,12.0
9.58333333333,45.0
9.625,56.0
9.66666666667,103.0
9.70833333333,173.0
9.75,130.0
9.79166666667,136.0
9.83333333333,104.0
9.875,112.0
9.91666666667,94.0
9.95833333333,72.0
10.0,69.0
10.0416666667,80.0
10.0833333333,66.0
10.125,71.0
10.1666666667,46.0
10.2083333333,37.0
10.25,11.0
10.2916666667,11.0
10.3333333333,6.0
10.375,2.0
10.4166666667,2.0
10.4583333333,11.0
10.5,14.0
10.5416666667,19.0
10.5833333333,54.0
10.625,41.0
10.6666666667,61.0
10.7083333333,58.0
10.75,57.0
10.7916666667,58.0
10.8333333333,81.0
10.875,94.0
10.9166666667,79.0
10.9583333333,99.0
11.0,164.0
11.0416666667,168.0
11.0833333333,126.0
11.125,182.0
11.1666666667,126.0
11.2083333333,71.0
11.25,35.0
11.2916666667,10.0
11.3333333333,9.0
11.375,3.0
11.4166666667,7.0
11.4583333333,12.0
11.5,23.0
11.5416666667,23.0
11.5833333333,29.0
11.625,nan
11.6666666667,nan
11.7083333333,nan
11.75,nan
11.7916666667,nan
11.8333333333,nan
11.875,nan
11.9166666667,nan
11.9583333333,nan
12.0,nan
12.0416666667,nan
12.0833333333,nan
12.125,nan
12.1666666667,nan
12.2083333333,28.0
12.25,18.0
12.2916666667,7.0
12.3333333333,5.0
12.375,5.0
12.4166666667,2.0
12.4583333333,8.0
12.5,15.0
12.5416666667,27.0
12.5833333333,40.0
12.625,54.0
12.6666666667,58.0
12.7083333333,47.0
12.75,63.0
12.7916666667,66.0
12.8333333333,42.0
12.875,66.0
12.9166666667,55.0
12.9583333333,60.0
13.0,100.0
13.0416666667,154.0
13.0833333333,128.0
13.125,126.0
13.1666666667,88.0
13.2083333333,49.0
13.25,23.0
13.2916666667,7.0
13.3333333333,4.0
13.375,3.0
13.4166666667,2.0
13.4583333333,6.0
13.5,20.0
13.5416666667,32.0
13.5833333333,31.0
13.625,50.0
13.6666666667,68.0
13.7083333333,60.0
13.75,72.0
13.7916666667,62.0
13.8333333333,70.0
13.875,71.0
13.9166666667,71.0
13.9583333333,77.0
