0.0,1.0
0.0416666666667,nan
0.0833333333333,nan
0.125,nan
0.166666666667,nan
0.208333333333,nan
0.25,nan
0.291666666667,nan
0.333333333333,nan
0.375,nan
0.416666666667,nan
0.458333333333,nan
0.5,nan
0.541666666667,nan
0.583333333333,nan
0.625,nan
0.666666666667,nan
0.708333333333,nan
0.75,nan
0.791666666667,nan
0.833333333333,nan
0.875,nan
0.916666666667,nan
0.958333333333,nan
1.0,nan
1.04166666667,nan
1.08333333333,nan
1.125,nan
1.16666666667,nan
1.20833333333,nan
1.25,nan
1.29166666667,nan
1.33333333333,nan
1.375,nan
1.41666666667,nan
1.45833333333,nan
1.5,nan
1.54166666667,nan
1.58333333333,19.0
1.625,48.0
1.66666666667,39.0
1.70833333333,46.0
1.75,38.0
1.79166666667,45.0
1.83333333333,52.0
1.875,75.0
1.91666666667,59.0
1.95833333333,70.0
2.0,82.0
2.04166666667,47.0
2.08333333333,68.0
2.125,59.0
2.16666666667,67.0
2.20833333333,26.0
2.25,17.0
2.29166666667,6.0
2.33333333333,4.0
2.375,3.0
2.41666666667,3.0
2.45833333333,9.0
2.5,12.0
2.54166666667,34.0
2.58333333333,41.0
2.625,43.0
2.66666666667,46.0
2.70833333333,56.0
2.75,74.0
2.79166666667,39.0
2.83333333333,51.0
2.875,63.0
2.91666666667,65.0
2.95833333333,76.0
3.0,93.0
3.04166666667,69.0
3.08333333333,78.0
3.125,77.0
3.16666666667,72.0
3.20833333333,39.0
3.25,54.0
3.29166666667,30.0
3.33333333333,34.0
3.375,16.0
3.41666666667,14.0
3.45833333333,21.0
3.5,32.0
3.54166666667,70.0
3.58333333333,99.0
3.625,124.0
3.66666666667,198.0
3.70833333333,169.0
3.75,123.0
3.79166666667,81.0
3.83333333333,88.0
3.875,64.0
3.91666666667,87.0
3.95833333333,80.0
4.0,75.0
4.04166666667,83.0
4.08333333333,54.0
4.125,55.0
4.16666666667,49.0
4.20833333333,28.0
4.25,17.0
4.29166666667,10.0
4.33333333333,6.0
4.375,5.0
4.41666666667,5.0
4.45833333333,3.0
4.5,13.0
4.54166666667,20.0
4.58333333333,33.0
4.625,23.0
4.66666666667,36.0
4.70833333333,49.0
4.75,65.0
4.79166666667,55.0
4.83333333333,70.0
4.875,81.0
4.91666666667,80.0
4.95833333333,101.0
5.0,89.0
5.04166666667,72.0
5.08333333333,90.0
5.125,67.0
5.16666666667,65.0
5.20833333333,36.0
5.25,30.0
5.29166666667,25.0
5.33333333333,8.0
5.375,4.0
5.41666666667,1.0
5.45833333333,3.0
5.5,4.0
5.54166666667,18.0
5.58333333333,43.0
5.625,27.0
5.66666666667,38.0
5.70833333333,67.0
5.75,85.0
5.79166666667,56.0
5.83333333333,70.0
5.875,79.0
5.91666666667,69.0
5.95833333333,77.0
6.0,83.0
6.04166666667,51.0
6.08333333333,83.0
6.125,83.0
6.16666666667,94.0
6.20833333333,62.0
6.25,53.0
6.29166666667,39.0
6.33333333333,27.0
6.375,14.0
6.41666666667,14.0
6.45833333333,9.0
6.5,6.0
6.54166666667,18.0
6.58333333333,30.0
6.625,46.0
6.66666666667,55.0
6.70833333333,52.0
6.75,69.0
6.79166666667,48.0
6.83333333333,51.0
6.875,46.0
6.91666666667,60.0
6.95833333333,51.0
7.0,56.0
7.04166666667,44.0
7.08333333333,62.0
7.125,38.0
7.16666666667,28.0
7.20833333333,14.0
7.25,16.0
7.29166666667,10.0
7.33333333333,4.0
7.375,3.0
7.41666666667,1.0
7.45833333333,5.0
7.5,19.0
7.54166666667,15.0
7.58333333333,17.0
7.625,26.0
7.66666666667,26.0
7.70833333333,37.0
7.75,33.0
7.79166666667,32.0
7.83333333333,23.0
7.875,50.0
7.91666666667,42.0
7.95833333333,48.0
8.0,56.0
8.04166666667,53.0
8.08333333333,31.0
8.125,35.0
8.16666666667,27.0
8.20833333333,21.0
8.25,20.0
8.29166666667,13.0
8.33333333333,3.0
8.375,5.0
8.41666666667,3.0
8.45833333333,5.0
8.5,9.0
8.54166666667,21.0
8.58333333333,23.0
8.625,30.0
8.66666666667,32.0
8.70833333333,40.0
8.75,31.0
8.79166666667,44.0
8.83333333333,34.0
8.875,55.0
8.91666666667,61.0
8.95833333333,53.0
9.0,57.0
9.04166666667,45.0
9.08333333333,43.0
9.125,45.0
9.16666666667,36.0
9.20833333333,23.0
9.25,18.0
9.29166666667,13.0
9.33333333333,nan
9.375,6.0
9.41666666667,3.0
9.45833333333,4.0
9.5,14.0
9.54166666667,18.0
9.58333333333,41.0
9.625,32.0
9.66666666667,32.0
9.70833333333,38.0
9.75,46.0
9.79166666667,48.0
9.83333333333,49.0
9.875,62.0
9.91666666667,72.0
9.95833333333,77.0
10.0,91.0
10.0416666667,88.0
10.0833333333,95.0
10.125,88.0
10.1666666667,69.0
10.2083333333,39.0
10.25,20.0
10.2916666667,8.0
10.3333333333,4.0
10.375,5.0
10.4166666667,3.0
10.4583333333,8.0
10.5,8.0
10.5416666667,26.0
10.5833333333,38.0
10.625,34.0
10.6666666667,44.0
10.7083333333,44.0
10.75,48.0
10.7916666667,66.0
10.8333333333,51.0
10.875,74.0
10.9166666667,66.0
10.9583333333,91.0
11.0,91.0
11.0416666667,82.0
11.0833333333,72.0
11.125,60.0
11.1666666667,62.0
11.2083333333,51.0
11.25,26.0
11.2916666667,10.0
11.3333333333,3.0
11.375,2.0
11.4166666667,4.0
11.4583333333,1.0
11.5,12.0
11.5416666667,23.0
11.5833333333,51.0
11.625,36.0
11.6666666667,46.0
11.7083333333,49.0
11.75,50.0
11.7916666667,61.0
11.8333333333,67.0
11.875,60.0
11.9166666667,61.0
11.9583333333,85.0
12.0,91.0
12.0416666667,65.0
12.0833333333,113.0
12.125,91.0
12.1666666667,80.0
12.2083333333,74.0
12.25,58.0
12.2916666667,27.0
12.3333333333,25.0
12.375,14.0
12.4166666667,7.0
12.4583333333,7.0
12.5,6.0
12.5416666667,21.0
12.5833333333,22.0
12.625,44.0
12.6666666667,51.0
12.7083333333,54.0
12.75,95.0
12.7916666667,73.0
12.8333333333,90.0
12.875,77.0
12.9166666667,88.0
12.9583333333,105.0
13.0,104.0
13.0416666667,96.0
13.0833333333,115.0
13.125,131.0
13.1666666667,109.0
13.2083333333,84.0
13.25,43.0
13.2916666667,35.0
13.3333333333,21.0
13.375,7.0
13.4166666667,5.0
13.4583333333,7.0
13.5,8.0
13.5416666667,23.0
13.5833333333,21.0
13.625,37.0
13.6666666667,50.0
13.7083333333,48.0
13.75,78.0
13.7916666667,67.0
13.8333333333,71.0
13.875,65.0
13.9166666667,76.0
13.9583333333,89.0
