0.0,19.0
0.0416666666667,48.0
0.0833333333333,39.0
0.125,46.0
0.166666666667,38.0
0.208333333333,45.0
0.25,52.0
0.291666666667,75.0
0.333333333333,59.0
0.375,70.0
0.416666666667,82.0
0.458333333333,47.0
0.5,68.0
0.541666666667,59.0
0.583333333333,67.0
0.625,26.0
0.666666666667,17.0
0.708333333333,6.0
0.75,4.0
0.791666666667,3.0
0.833333333333,3.0
0.875,9.0
0.916666666667,12.0
0.958333333333,34.0
1.0,41.0
1.04166666667,43.0
1.08333333333,46.0
1.125,56.0
1.16666666667,74.0
1.20833333333,39.0
1.25,51.0
1.29166666667,63.0
1.33333333333,65.0
1.375,76.0
1.41666666667,93.0
1.45833333333,69.0
1.5,78.0
1.54166666667,77.0
1.58333333333,72.0
1.625,39.0
1.66666666667,54.0
1.70833333333,30.0
1.75,34.0
1.79166666667,16.0
1.83333333333,14.0
1.875,21.0
1.91666666667,32.0
1.95833333333,70.0
2.0,99.0
2.04166666667,124.0
2.08333333333,198.0
2.125,169.0
2.16666666667,123.0
2.20833333333,81.0
2.25,88.0
2.29166666667,64.0
2.33333333333,87.0
2.375,80.0
2.41666666667,75.0
2.45833333333,83.0
2.5,54.0
2.54166666667,55.0
2.58333333333,49.0
2.625,28.0
2.66666666667,17.0
2.70833333333,10.0
2.75,6.0
2.79166666667,5.0
2.83333333333,5.0
2.875,3.0
2.91666666667,13.0
2.95833333333,20.0
3.0,33.0
3.04166666667,23.0
3.08333333333,36.0
3.125,49.0
3.16666666667,65.0
3.20833333333,55.0
3.25,70.0
3.29166666667,81.0
3.33333333333,80.0
3.375,101.0
3.41666666667,89.0
3.45833333333,72.0
3.5,90.0
3.54166666667,67.0
3.58333333333,65.0
3.625,36.0
3.66666666667,30.0
3.70833333333,25.0
3.75,8.0
3.79166666667,4.0
3.83333333333,1.0
3.875,3.0
3.91666666667,4.0
3.95833333333,18.0
4.0,43.0
4.04166666667,27.0
4.08333333333,38.0
4.125,67.0
4.16666666667,85.0
4.20833333333,56.0
4.25,70.0
4.29166666667,79.0
4.33333333333,69.0
4.375,77.0
4.41666666667,83.0
4.45833333333,51.0
4.5,83.0
4.54166666667,83.0
4.58333333333,94.0
4.625,62.0
4.66666666667,53.0
4.70833333333,39.0
4.75,27.0
4.79166666667,14.0
4.83333333333,14.0
4.875,9.0
4.91666666667,6.0
4.95833333333,18.0
5.0,30.0
5.04166666667,46.0
5.08333333333,55.0
5.125,52.0
5.16666666667,69.0
5.20833333333,48.0
5.25,51.0
5.29166666667,46.0
5.33333333333,60.0
5.375,51.0
5.41666666667,56.0
5.45833333333,44.0
5.5,62.0
5.54166666667,38.0
5.58333333333,28.0
5.625,14.0
5.66666666667,16.0
5.70833333333,10.0
5.75,4.0
5.79166666667,3.0
5.83333333333,1.0
5.875,5.0
5.91666666667,19.0
5.95833333333,15.0
6.0,17.0
6.04166666667,26.0
6.08333333333,26.0
6.125,37.0
6.16666666667,33.0
6.20833333333,32.0
6.25,23.0
6.29166666667,50.0
6.33333333333,42.0
6.375,48.0
6.41666666667,56.0
6.45833333333,53.0
6.5,31.0
6.54166666667,35.0
6.58333333333,27.0
6.625,21.0
6.66666666667,20.0
6.70833333333,13.0
6.75,3.0
6.79166666667,5.0
6.83333333333,3.0
6.875,5.0
6.91666666667,9.0
6.95833333333,21.0
7.0,23.0
7.04166666667,30.0
7.08333333333,32.0
7.125,40.0
7.16666666667,31.0
7.20833333333,44.0
7.25,34.0
7.29166666667,55.0
7.33333333333,61.0
7.375,53.0
7.41666666667,57.0
7.45833333333,45.0
7.5,43.0
7.54166666667,45.0
7.58333333333,36.0
7.625,23.0
7.66666666667,18.0
7.70833333333,13.0
7.75,nan
7.79166666667,6.0
7.83333333333,3.0
7.875,4.0
7.91666666667,14.0
7.95833333333,18.0
8.0,41.0
8.04166666667,32.0
8.08333333333,32.0
8.125,38.0
8.16666666667,46.0
8.20833333333,48.0
8.25,49.0
8.29166666667,62.0
8.33333333333,72.0
8.375,77.0
8.41666666667,91.0
8.45833333333,88.0
8.5,95.0
8.54166666667,88.0
8.58333333333,69.0
8.625,39.0
8.66666666667,20.0
8.70833333333,8.0
8.75,4.0
8.79166666667,5.0
8.83333333333,3.0
8.875,8.0
8.91666666667,8.0
8.95833333333,26.0
9.0,38.0
9.04166666667,34.0
9.08333333333,44.0
9.125,44.0
9.16666666667,48.0
9.20833333333,66.0
9.25,51.0
9.29166666667,74.0
9.33333333333,66.0
9.375,91.0
9.41666666667,91.0
9.45833333333,82.0
9.5,72.0
9.54166666667,60.0
9.58333333333,62.0
9.625,51.0
9.66666666667,26.0
9.70833333333,10.0
9.75,3.0
9.79166666667,2.0
9.83333333333,4.0
9.875,1.0
9.91666666667,12.0
9.95833333333,23.0
10.0,51.0
10.0416666667,36.0
10.0833333333,46.0
10.125,49.0
10.1666666667,50.0
10.2083333333,61.0
10.25,67.0
10.2916666667,60.0
10.3333333333,61.0
10.375,85.0
10.4166666667,91.0
10.4583333333,65.0
10.5,113.0
10.5416666667,91.0
10.5833333333,80.0
10.625,74.0
10.6666666667,58.0
10.7083333333,27.0
10.75,25.0
10.7916666667,14.0
10.8333333333,7.0
10.875,7.0
10.9166666667,6.0
10.9583333333,21.0
11.0,22.0
11.0416666667,44.0
11.0833333333,51.0
11.125,54.0
11.1666666667,95.0
11.2083333333,73.0
11.25,90.0
11.2916666667,77.0
11.3333333333,88.0
11.375,105.0
11.4166666667,104.0
11.4583333333,96.0
11.5,115.0
11.5416666667,131.0
11.5833333333,109.0
11.625,84.0
11.6666666667,43.0
11.7083333333,35.0
11.75,21.0
11.7916666667,7.0
11.8333333333,5.0
11.875,7.0
11.9166666667,8.0
11.9583333333,23.0
12.0,21.0
12.0416666667,37.0
12.0833333333,50.0
12.125,48.0
12.1666666667,78.0
12.2083333333,67.0
12.25,71.0
12.2916666667,65.0
12.3333333333,76.0
12.375,88.0
12.4166666667,85.0
12.4583333333,57.0
12.5,63.0
12.5416666667,61.0
12.5833333333,47.0
12.625,37.0
12.6666666667,17.0
12.7083333333,7.0
12.75,3.0
12.7916666667,3.0
12.8333333333,5.0
12.875,11.0
12.9166666667,12.0
12.9583333333,20.0
13.0,30.0
13.0416666667,35.0
13.0833333333,45.0
13.125,41.0
13.1666666667,36.0
13.2083333333,45.0
13.25,51.0
13.2916666667,59.0
13.3333333333,45.0
13.375,48.0
