0.0,16.0
0.0416666666667,27.0
0.0833333333333,41.0
0.125,34.0
0.166666666667,44.0
0.208333333333,48.0
0.25,36.0
0.291666666667,42.0
0.333333333333,40.0
0.375,46.0
0.416666666667,79.0
0.458333333333,75.0
0.5,97.0
0.541666666667,65.0
0.583333333333,77.0
0.625,56.0
0.666666666667,26.0
0.708333333333,5.0
0.75,4.0
0.791666666667,6.0
0.833333333333,3.0
0.875,3.0
0.916666666667,16.0
0.958333333333,32.0
1.0,34.0
1.04166666667,38.0
1.08333333333,37.0
1.125,51.0
1.16666666667,49.0
1.20833333333,47.0
1.25,58.0
1.29166666667,76.0
1.33333333333,66.0
1.375,94.0
1.41666666667,113.0
1.45833333333,96.0
1.5,107.0
1.54166666667,87.0
1.58333333333,61.0
1.625,37.0
1.66666666667,23.0
1.70833333333,7.0
1.75,5.0
1.79166666667,15.0
1.83333333333,2.0
1.875,30.0
1.91666666667,37.0
1.95833333333,31.0
2.0,29.0
2.04166666667,81.0
2.08333333333,86.0
2.125,95.0
2.16666666667,53.0
2.20833333333,44.0
2.25,30.0
2.29166666667,40.0
2.33333333333,29.0
2.375,35.0
2.41666666667,30.0
2.45833333333,29.0
2.5,17.0
2.54166666667,22.0
2.58333333333,39.0
2.625,35.0
2.66666666667,10.0
2.70833333333,5.0
2.75,5.0
2.79166666667,5.0
2.83333333333,5.0
2.875,5.0
2.91666666667,18.0
2.95833333333,16.0
3.0,20.0
3.04166666667,32.0
3.08333333333,25.0
3.125,28.0
3.16666666667,29.0
3.20833333333,47.0
3.25,37.0
3.29166666667,74.0
3.33333333333,76.0
3.375,47.0
3.41666666667,51.0
3.45833333333,44.0
3.5,35.0
3.54166666667,49.0
3.58333333333,26.0
3.625,28.0
3.66666666667,26.0
3.70833333333,19.0
3.75,6.0
3.79166666667,3.0
3.83333333333,5.0
3.875,5.0
3.91666666667,6.0
3.95833333333,14.0
4.0,24.0
4.04166666667,31.0
4.08333333333,37.0
4.125,33.0
4.16666666667,51.0
4.20833333333,44.0
4.25,46.0
4.29166666667,40.0
4.33333333333,64.0
4.375,50.0
4.41666666667,92.0
4.45833333333,171.0
4.5,88.0
4.54166666667,75.0
4.58333333333,49.0
4.625,34.0
4.66666666667,26.0
4.70833333333,5.0
4.75,4.0
4.79166666667,4.0
4.83333333333,4.0
4.875,7.0
4.91666666667,8.0
4.95833333333,21.0
5.0,13.0
5.04166666667,21.0
5.08333333333,47.0
5.125,105.0
5.16666666667,162.0
5.20833333333,129.0
5.25,111.0
5.29166666667,72.0
5.33333333333,84.0
5.375,71.0
5.41666666667,45.0
5.45833333333,50.0
5.5,49.0
5.54166666667,36.0
5.58333333333,23.0
5.625,20.0
5.66666666667,7.0
5.70833333333,4.0
5.75,2.0
5.79166666667,3.0
5.83333333333,1.0
5.875,7.0
5.91666666667,6.0
5.95833333333,10.0
6.0,20.0
6.04166666667,15.0
6.08333333333,23.0
6.125,36.0
6.16666666667,30.0
6.20833333333,40.0
6.25,44.0
6.29166666667,23.0
6.33333333333,40.0
6.375,36.0
6.41666666667,26.0
6.45833333333,30.0
6.5,38.0
6.54166666667,27.0
6.58333333333,17.0
6.625,13.0
6.66666666667,9.0
6.70833333333,7.0
6.75,nan
6.79166666667,6.0
6.83333333333,1.0
6.875,8.0
6.91666666667,10.0
6.95833333333,20.0
7.0,17.0
7.04166666667,28.0
7.08333333333,28.0
7.125,33.0
7.16666666667,31.0
7.20833333333,28.0
7.25,32.0
7.29166666667,35.0
7.33333333333,35.0
7.375,49.0
7.41666666667,44.0
7.45833333333,77.0
7.5,113.0
7.54166666667,73.0
7.58333333333,36.0
7.625,32.0
7.66666666667,5.0
7.70833333333,8.0
7.75,4.0
7.79166666667,2.0
7.83333333333,3.0
7.875,4.0
7.91666666667,12.0
7.95833333333,16.0
8.0,24.0
8.04166666667,28.0
8.08333333333,30.0
8.125,40.0
8.16666666667,38.0
8.20833333333,46.0
8.25,47.0
8.29166666667,40.0
8.33333333333,70.0
8.375,131.0
8.41666666667,219.0
8.45833333333,168.0
8.5,129.0
8.54166666667,75.0
8.58333333333,140.0
8.625,91.0
8.66666666667,37.0
8.70833333333,5.0
8.75,1.0
8.79166666667,5.0
8.83333333333,10.0
8.875,6.0
8.91666666667,18.0
8.95833333333,27.0
9.0,29.0
9.04166666667,38.0
9.08333333333,48.0
9.125,49.0
9.16666666667,40.0
9.20833333333,57.0
9.25,64.0
9.29166666667,73.0
9.33333333333,67.0
9.375,131.0
9.41666666667,136.0
9.45833333333,148.0
9.5,119.0
9.54166666667,146.0
9.58333333333,132.0
9.625,76.0
9.66666666667,22.0
9.70833333333,9.0
9.75,5.0
9.79166666667,3.0
9.83333333333,1.0
9.875,14.0
9.91666666667,23.0
9.95833333333,26.0
10.0,38.0
10.0416666667,44.0
10.0833333333,55.0
10.125,74.0
10.1666666667,47.0
10.2083333333,62.0
10.25,54.0
10.2916666667,69.0
10.3333333333,64.0
10.375,64.0
10.4166666667,190.0
10.4583333333,167.0
10.5,143.0
10.5416666667,86.0
10.5833333333,67.0
10.625,42.0
10.6666666667,33.0
10.7083333333,13.0
10.75,7.0
10.7916666667,5.0
10.8333333333,7.0
10.875,5.0
10.9166666667,8.0
10.9583333333,11.0
11.0,29.0
11.0416666667,40.0
11.0833333333,44.0
11.125,55.0
11.1666666667,48.0
11.2083333333,56.0
11.25,52.0
11.2916666667,63.0
11.3333333333,85.0
11.375,87.0
11.4166666667,104.0
11.4583333333,127.0
11.5,125.0
11.5416666667,183.0
11.5833333333,144.0
11.625,118.0
11.6666666667,59.0
11.7083333333,37.0
11.75,17.0
11.7916666667,13.0
11.8333333333,12.0
11.875,9.0
11.9166666667,15.0
11.9583333333,14.0
12.0,28.0
12.0416666667,56.0
12.0833333333,103.0
12.125,155.0
12.1666666667,116.0
12.2083333333,122.0
12.25,77.0
12.2916666667,76.0
12.3333333333,87.0
12.375,50.0
12.4166666667,62.0
12.4583333333,62.0
12.5,37.0
12.5416666667,46.0
12.5833333333,30.0
12.625,24.0
12.6666666667,6.0
12.7083333333,5.0
12.75,3.0
12.7916666667,2.0
12.8333333333,1.0
12.875,5.0
12.9166666667,15.0
12.9583333333,23.0
13.0,35.0
13.0416666667,29.0
13.0833333333,44.0
13.125,39.0
13.1666666667,47.0
13.2083333333,40.0
13.25,49.0
13.2916666667,61.0
13.3333333333,58.0
13.375,93.0
13.4166666667,166.0
13.4583333333,158.0
13.5,103.0
13.5416666667,172.0
13.5833333333,141.0
13.625,67.0
13.6666666667,39.0
13.7083333333,6.0
13.75,7.0
13.7916666667,2.0
13.8333333333,8.0
13.875,12.0
13.9166666667,27.0
13.9583333333,16.0
14.0,29.0
14.0416666667,nan
14.0833333333,nan
14.125,nan
14.1666666667,nan
14.2083333333,nan
14.25,nan
14.2916666667,nan
14.3333333333,nan
14.375,nan
14.4166666667,nan
14.4583333333,nan
14.5,nan
14.5416666667,nan
14.5833333333,nan
14.625,24.0
14.6666666667,10.0
14.7083333333,6.0
14.75,4.0
14.7916666667,3.0
14.8333333333,4.0
14.875,11.0
14.9166666667,7.0
14.9583333333,16.0
15.0,32.0
15.0416666667,37.0
15.0833333333,45.0
15.125,37.0
15.1666666667,47.0
15.2083333333,37.0
15.25,26.0
15.2916666667,51.0
15.3333333333,43.0
15.375,62.0
15.4166666667,103.0
15.4583333333,148.0
15.5,118.0
15.5416666667,128.0
15.5833333333,90.0
15.625,49.0
15.6666666667,19.0
15.7083333333,8.0
15.75,3.0
15.7916666667,1.0
15.8333333333,2.0
15.875,6.0
15.9166666667,10.0
15.9583333333,24.0
16.0,24.0
16.0416666667,39.0
16.0833333333,48.0
16.125,43.0
16.1666666667,42.0
16.2083333333,47.0
16.25,44.0
16.2916666667,49.0
16.3333333333,44.0
16.375,50.0
16.4166666667,49.0
16.4583333333,48.0
16.5,44.0
16.5416666667,51.0
16.5833333333,19.0
16.625,26.0
16.6666666667,14.0
16.7083333333,10.0
16.75,7.0
16.7916666667,2.0
16.8333333333,4.0
16.875,5.0
16.9166666667,7.0
16.9583333333,28.0
17.0,31.0
17.0416666667,55.0
17.0833333333,36.0
17.125,50.0
17.1666666667,77.0
17.2083333333,67.0
17.25,74.0
17.2916666667,104.0
17.3333333333,113.0
17.375,167.0
17.4166666667,204.0
17.4583333333,198.0
17.5,194.0
17.5416666667,202.0
17.5833333333,149.0
17.625,94.0
17.6666666667,81.0
17.7083333333,nan
17.75,nan
17.7916666667,3.0
17.8333333333,4.0
17.875,nan
17.9166666667,nan
17.9583333333,20.0
18.0,nan
18.0416666667,nan
18.0833333333,nan
18.125,nan
18.1666666667,nan
18.2083333333,nan
18.25,nan
18.2916666667,nan
18.3333333333,nan
18.375,nan
18.4166666667,nan
18.4583333333,nan
18.5,nan
18.5416666667,nan
18.5833333333,nan
18.625,nan
18.6666666667,nan
18.7083333333,nan
18.75,nan
18.7916666667,nan
18.8333333333,nan
18.875,nan
18.9166666667,nan
18.9583333333,nan
19.0,nan
19.0416666667,nan
19.0833333333,nan
19.125,nan
19.1666666667,nan
19.2083333333,nan
19.25,nan
19.2916666667,nan
19.3333333333,31.0
19.375,25.0
19.4166666667,60.0
19.4583333333,nan
19.5,nan
19.5416666667,nan
19.5833333333,nan
19.625,nan
19.6666666667,nan
19.7083333333,nan
19.75,nan
19.7916666667,nan
19.8333333333,nan
19.875,nan
19.9166666667,nan
19.9583333333,nan
20.0,nan
20.0416666667,nan
20.0833333333,nan
20.125,nan
20.1666666667,nan
20.2083333333,nan
20.25,nan
20.2916666667,nan
20.3333333333,nan
20.375,nan
20.4166666667,nan
20.4583333333,nan
20.5,nan
20.5416666667,nan
20.5833333333,nan
20.625,nan
20.6666666667,nan
20.7083333333,nan
20.75,nan
20.7916666667,nan
20.8333333333,nan
20.875,nan
20.9166666667,nan
20.9583333333,nan
21.0,nan
21.0416666667,nan
21.0833333333,nan
21.125,37.0
21.1666666667,47.0
21.2083333333,42.0
21.25,39.0
21.2916666667,27.0
21.3333333333,39.0
21.375,45.0
21.4166666667,92.0
21.4583333333,57.0
21.5,46.0
21.5416666667,71.0
21.5833333333,68.0
21.625,57.0
21.6666666667,36.0
21.7083333333,9.0
21.75,4.0
21.7916666667,2.0
21.8333333333,1.0
21.875,10.0
21.9166666667,13.0
21.9583333333,31.0
22.0,34.0
22.0416666667,30.0
22.0833333333,25.0
22.125,46.0
22.1666666667,67.0
22.2083333333,55.0
22.25,36.0
22.2916666667,49.0
22.3333333333,55.0
22.375,90.0
22.4166666667,210.0
22.4583333333,188.0
22.5,204.0
22.5416666667,183.0
22.5833333333,134.0
22.625,121.0
22.6666666667,68.0
22.7083333333,43.0
22.75,5.0
22.7916666667,8.0
22.8333333333,4.0
22.875,9.0
22.9166666667,16.0
22.9583333333,32.0
23.0,45.0
23.0416666667,48.0
23.0833333333,45.0
23.125,49.0
23.1666666667,62.0
23.2083333333,57.0
23.25,46.0
23.2916666667,64.0
23.3333333333,31.0
23.375,59.0
23.4166666667,129.0
23.4583333333,264.0
23.5,167.0
23.5416666667,152.0
23.5833333333,107.0
23.625,46.0
23.6666666667,16.0
23.7083333333,4.0
23.75,11.0
23.7916666667,2.0
23.8333333333,11.0
23.875,13.0
23.9166666667,17.0
23.9583333333,15.0
24.0,29.0
24.0416666667,45.0
24.0833333333,43.0
24.125,41.0
24.1666666667,48.0
24.2083333333,55.0
24.25,54.0
24.2916666667,61.0
24.3333333333,58.0
24.375,71.0
24.4166666667,74.0
24.4583333333,71.0
24.5,55.0
24.5416666667,47.0
24.5833333333,33.0
24.625,30.0
24.6666666667,26.0
24.7083333333,25.0
24.75,11.0
24.7916666667,1.0
24.8333333333,4.0
24.875,1.0
24.9166666667,1.0
24.9583333333,1.0
25.0,1.0
25.0416666667,nan
25.0833333333,1.0
25.125,nan
25.1666666667,6.0
25.2083333333,2.0
25.25,82.0
25.2916666667,95.0
25.3333333333,106.0
25.375,96.0
25.4166666667,194.0
25.4583333333,178.0
25.5,147.0
25.5416666667,120.0
25.5833333333,74.0
25.625,70.0
25.6666666667,47.0
25.7083333333,23.0
25.75,12.0
25.7916666667,10.0
25.8333333333,4.0
25.875,8.0
25.9166666667,13.0
25.9583333333,31.0
26.0,41.0
26.0416666667,66.0
26.0833333333,63.0
26.125,52.0
26.1666666667,72.0
26.2083333333,58.0
26.25,61.0
26.2916666667,52.0
26.3333333333,51.0
26.375,58.0
26.4166666667,28.0
26.4583333333,41.0
26.5,35.0
26.5416666667,37.0
26.5833333333,28.0
26.625,18.0
26.6666666667,15.0
26.7083333333,13.0
26.75,7.0
26.7916666667,6.0
26.8333333333,5.0
26.875,3.0
26.9166666667,10.0
26.9583333333,12.0
27.0,25.0
27.0416666667,21.0
27.0833333333,23.0
27.125,32.0
27.1666666667,39.0
27.2083333333,30.0
27.25,39.0
27.2916666667,39.0
27.3333333333,52.0
27.375,61.0
27.4166666667,186.0
27.4583333333,156.0
27.5,97.0
27.5416666667,71.0
27.5833333333,62.0
27.625,29.0
27.6666666667,21.0
27.7083333333,23.0
27.75,20.0
27.7916666667,4.0
27.8333333333,2.0
27.875,6.0
27.9166666667,14.0
27.9583333333,18.0
28.0,21.0
28.0416666667,28.0
28.0833333333,32.0
28.125,26.0
28.1666666667,44.0
28.2083333333,38.0
28.25,49.0
28.2916666667,55.0
28.3333333333,37.0
28.375,37.0
28.4166666667,32.0
28.4583333333,70.0
28.5,82.0
28.5416666667,58.0
28.5833333333,42.0
28.625,34.0
28.6666666667,20.0
28.7083333333,12.0
28.75,7.0
28.7916666667,4.0
28.8333333333,nan
28.875,5.0
28.9166666667,12.0
28.9583333333,13.0
29.0,18.0
29.0416666667,41.0
29.0833333333,39.0
29.125,36.0
29.1666666667,30.0
29.2083333333,39.0
29.25,30.0
29.2916666667,51.0
29.3333333333,57.0
29.375,112.0
29.4166666667,220.0
29.4583333333,156.0
29.5,138.0
29.5416666667,112.0
29.5833333333,62.0
29.625,19.0
29.6666666667,nan
29.7083333333,nan
29.75,nan
29.7916666667,nan
29.8333333333,nan
29.875,nan
29.9166666667,nan
29.9583333333,nan
30.0,nan
30.0416666667,nan
30.0833333333,nan
30.125,nan
30.1666666667,nan
30.2083333333,nan
30.25,nan
30.2916666667,nan
30.3333333333,nan
30.375,nan
30.4166666667,nan
30.4583333333,nan
30.5,nan
30.5416666667,5.0
30.5833333333,25.0
30.625,8.0
30.6666666667,22.0
30.7083333333,7.0
30.75,8.0
30.7916666667,3.0
30.8333333333,2.0
30.875,8.0
30.9166666667,13.0
30.9583333333,14.0
31.0,18.0
31.0416666667,41.0
31.0833333333,59.0
31.125,37.0
31.1666666667,33.0
31.2083333333,35.0
31.25,35.0
31.2916666667,33.0
31.3333333333,72.0
31.375,106.0
31.4166666667,188.0
31.4583333333,143.0
31.5,115.0
31.5416666667,85.0
31.5833333333,93.0
31.625,38.0
31.6666666667,25.0
31.7083333333,14.0
31.75,12.0
31.7916666667,5.0
31.8333333333,2.0
31.875,7.0
31.9166666667,11.0
31.9583333333,21.0
32.0,30.0
32.0416666667,3.0
