0.0,72.0
0.0416666666667,64.0
0.0833333333333,69.0
0.125,62.0
0.166666666667,50.0
0.208333333333,25.0
0.25,18.0
0.291666666667,13.0
0.333333333333,7.0
0.375,2.0
0.416666666667,2.0
0.458333333333,4.0
0.5,17.0
0.541666666667,30.0
0.583333333333,58.0
0.625,62.0
0.666666666667,68.0
0.708333333333,65.0
0.75,84.0
0.791666666667,85.0
0.833333333333,84.0
0.875,98.0
0.916666666667,92.0
0.958333333333,81.0
1.0,69.0
1.04166666667,76.0
1.08333333333,73.0
1.125,65.0
1.16666666667,51.0
1.20833333333,26.0
1.25,26.0
1.29166666667,12.0
1.33333333333,6.0
1.375,2.0
1.41666666667,1.0
1.45833333333,6.0
1.5,14.0
1.54166666667,24.0
1.58333333333,25.0
1.625,31.0
1.66666666667,64.0
1.70833333333,92.0
1.75,93.0
1.79166666667,65.0
1.83333333333,73.0
1.875,61.0
1.91666666667,63.0
1.95833333333,66.0
2.0,55.0
2.04166666667,63.0
2.08333333333,43.0
2.125,39.0
2.16666666667,29.0
2.20833333333,23.0
2.25,17.0
2.29166666667,12.0
2.33333333333,7.0
2.375,6.0
2.41666666667,3.0
2.45833333333,12.0
2.5,13.0
2.54166666667,16.0
2.58333333333,34.0
2.625,55.0
2.66666666667,56.0
2.70833333333,56.0
2.75,58.0
2.79166666667,77.0
2.83333333333,68.0
2.875,84.0
2.91666666667,95.0
2.95833333333,95.0
3.0,80.0
3.04166666667,74.0
3.08333333333,71.0
3.125,65.0
3.16666666667,59.0
3.20833333333,48.0
3.25,33.0
3.29166666667,12.0
3.33333333333,10.0
3.375,9.0
3.41666666667,4.0
3.45833333333,2.0
3.5,3.0
3.54166666667,21.0
3.58333333333,35.0
3.625,48.0
3.66666666667,51.0
3.70833333333,56.0
3.75,64.0
3.79166666667,50.0
3.83333333333,63.0
3.875,71.0
3.91666666667,104.0
3.95833333333,70.0
4.0,78.0
4.04166666667,49.0
4.08333333333,78.0
4.125,57.0
4.16666666667,61.0
4.20833333333,45.0
4.25,32.0
4.29166666667,19.0
4.33333333333,13.0
4.375,10.0
4.41666666667,2.0
4.45833333333,7.0
4.5,14.0
4.54166666667,23.0
4.58333333333,20.0
4.625,34.0
4.66666666667,36.0
4.70833333333,45.0
4.75,60.0
4.79166666667,59.0
4.83333333333,72.0
4.875,77.0
4.91666666667,51.0
4.95833333333,60.0
5.0,60.0
5.04166666667,37.0
5.08333333333,63.0
5.125,43.0
5.16666666667,25.0
5.20833333333,17.0
5.25,14.0
5.29166666667,7.0
5.33333333333,7.0
5.375,1.0
5.41666666667,1.0
5.45833333333,5.0
5.5,6.0
5.54166666667,20.0
5.58333333333,42.0
5.625,31.0
5.66666666667,46.0
5.70833333333,50.0
5.75,59.0
5.79166666667,60.0
5.83333333333,64.0
5.875,56.0
5.91666666667,56.0
5.95833333333,63.0
6.0,55.0
6.04166666667,58.0
6.08333333333,58.0
6.125,44.0
6.16666666667,44.0
6.20833333333,16.0
6.25,12.0
6.29166666667,9.0
6.33333333333,4.0
6.375,4.0
6.41666666667,6.0
6.45833333333,8.0
6.5,18.0
6.54166666667,24.0
6.58333333333,32.0
6.625,53.0
6.66666666667,50.0
6.70833333333,61.0
6.75,62.0
6.79166666667,71.0
6.83333333333,51.0
6.875,55.0
6.91666666667,54.0
6.95833333333,65.0
7.0,72.0
7.04166666667,70.0
7.08333333333,57.0
7.125,39.0
7.16666666667,37.0
7.20833333333,25.0
7.25,9.0
7.29166666667,12.0
7.33333333333,5.0
7.375,4.0
7.41666666667,2.0
7.45833333333,11.0
7.5,12.0
7.54166666667,32.0
7.58333333333,46.0
7.625,37.0
7.66666666667,50.0
7.70833333333,56.0
7.75,67.0
7.79166666667,77.0
7.83333333333,71.0
7.875,74.0
7.91666666667,98.0
7.95833333333,115.0
8.0,115.0
8.04166666667,134.0
8.08333333333,125.0
8.125,107.0
8.16666666667,64.0
8.20833333333,42.0
8.25,27.0
8.29166666667,7.0
8.33333333333,7.0
8.375,1.0
8.41666666667,4.0
8.45833333333,11.0
8.5,23.0
8.54166666667,28.0
8.58333333333,79.0
8.625,73.0
8.66666666667,72.0
8.70833333333,69.0
8.75,75.0
8.79166666667,92.0
8.83333333333,68.0
8.875,83.0
8.91666666667,89.0
8.95833333333,104.0
9.0,115.0
9.04166666667,106.0
9.08333333333,79.0
9.125,79.0
9.16666666667,59.0
9.20833333333,55.0
9.25,31.0
9.29166666667,7.0
9.33333333333,3.0
9.375,3.0
9.41666666667,6.0
9.45833333333,8.0
9.5,16.0
9.54166666667,36.0
9.58333333333,65.0
9.625,52.0
9.66666666667,62.0
9.70833333333,73.0
9.75,76.0
9.79166666667,82.0
9.83333333333,85.0
9.875,96.0
9.91666666667,93.0
9.95833333333,122.0
10.0,101.0
10.0416666667,92.0
10.0833333333,96.0
10.125,77.0
10.1666666667,71.0
10.2083333333,56.0
10.25,37.0
10.2916666667,13.0
10.3333333333,9.0
10.375,3.0
10.4166666667,3.0
10.4583333333,10.0
10.5,16.0
10.5416666667,20.0
10.5833333333,43.0
10.625,44.0
10.6666666667,59.0
10.7083333333,65.0
10.75,60.0
10.7916666667,87.0
10.8333333333,89.0
10.875,109.0
10.9166666667,108.0
10.9583333333,134.0
11.0,131.0
11.0416666667,107.0
11.0833333333,112.0
11.125,131.0
11.1666666667,96.0
11.2083333333,87.0
11.25,45.0
11.2916666667,26.0
11.3333333333,18.0
11.375,10.0
11.4166666667,4.0
11.4583333333,5.0
11.5,18.0
11.5416666667,17.0
11.5833333333,34.0
11.625,44.0
11.6666666667,50.0
11.7083333333,69.0
11.75,80.0
11.7916666667,87.0
11.8333333333,87.0
11.875,79.0
11.9166666667,118.0
11.9583333333,98.0
12.0,86.0
12.0416666667,103.0
12.0833333333,84.0
12.125,59.0
12.1666666667,44.0
12.2083333333,25.0
12.25,18.0
12.2916666667,13.0
12.3333333333,3.0
12.375,5.0
12.4166666667,2.0
12.4583333333,4.0
12.5,16.0
12.5416666667,31.0
12.5833333333,46.0
12.625,52.0
12.6666666667,49.0
12.7083333333,56.0
12.75,56.0
12.7916666667,69.0
12.8333333333,69.0
12.875,74.0
12.9166666667,71.0
12.9583333333,76.0
13.0,85.0
13.0416666667,94.0
13.0833333333,73.0
13.125,76.0
13.1666666667,53.0
13.2083333333,44.0
13.25,23.0
13.2916666667,7.0
13.3333333333,9.0
13.375,nan
13.4166666667,4.0
13.4583333333,2.0
13.5,13.0
13.5416666667,25.0
13.5833333333,44.0
13.625,nan
13.6666666667,nan
13.7083333333,nan
13.75,nan
13.7916666667,nan
13.8333333333,nan
13.875,nan
13.9166666667,nan
13.9583333333,1.0
