0.0,7.0
0.0416666666667,18.0
0.0833333333333,46.0
0.125,45.0
0.166666666667,64.0
0.208333333333,47.0
0.25,59.0
0.291666666667,51.0
0.333333333333,52.0
0.375,58.0
0.416666666667,48.0
0.458333333333,52.0
0.5,44.0
0.541666666667,20.0
0.583333333333,25.0
0.625,23.0
0.666666666667,12.0
0.708333333333,2.0
0.75,6.0
0.791666666667,2.0
0.833333333333,1.0
0.875,4.0
0.916666666667,4.0
0.958333333333,18.0
1.0,24.0
1.04166666667,44.0
1.08333333333,44.0
1.125,50.0
1.16666666667,53.0
1.20833333333,47.0
1.25,53.0
1.29166666667,55.0
1.33333333333,66.0
1.375,41.0
1.41666666667,42.0
1.45833333333,32.0
1.5,19.0
1.54166666667,23.0
1.58333333333,19.0
1.625,10.0
1.66666666667,7.0
1.70833333333,4.0
1.75,5.0
1.79166666667,3.0
1.83333333333,5.0
1.875,4.0
1.91666666667,3.0
1.95833333333,3.0
2.0,10.0
2.04166666667,16.0
2.08333333333,8.0
2.125,20.0
2.16666666667,35.0
2.20833333333,27.0
2.25,26.0
2.29166666667,51.0
2.33333333333,34.0
2.375,nan
2.41666666667,nan
2.45833333333,nan
2.5,nan
2.54166666667,nan
2.58333333333,nan
2.625,nan
2.66666666667,nan
2.70833333333,nan
2.75,nan
2.79166666667,nan
2.83333333333,nan
2.875,nan
2.91666666667,nan
2.95833333333,nan
3.0,nan
3.04166666667,nan
3.08333333333,nan
3.125,nan
3.16666666667,nan
3.20833333333,59.0
3.25,88.0
3.29166666667,114.0
3.33333333333,76.0
3.375,53.0
3.41666666667,38.0
3.45833333333,34.0
3.5,34.0
3.54166666667,28.0
3.58333333333,25.0
3.625,19.0
3.66666666667,14.0
3.70833333333,5.0
3.75,8.0
3.79166666667,4.0
3.83333333333,1.0
3.875,4.0
3.91666666667,3.0
3.95833333333,6.0
4.0,13.0
4.04166666667,13.0
4.08333333333,28.0
4.125,48.0
4.16666666667,52.0
4.20833333333,56.0
4.25,94.0
4.29166666667,77.0
4.33333333333,54.0
4.375,49.0
4.41666666667,61.0
4.45833333333,28.0
4.5,32.0
4.54166666667,21.0
4.58333333333,15.0
4.625,24.0
4.66666666667,29.0
4.70833333333,7.0
4.75,3.0
4.79166666667,nan
4.83333333333,2.0
4.875,3.0
4.91666666667,3.0
4.95833333333,6.0
5.0,8.0
5.04166666667,14.0
5.08333333333,27.0
5.125,48.0
5.16666666667,29.0
5.20833333333,45.0
5.25,52.0
5.29166666667,50.0
5.33333333333,38.0
5.375,32.0
5.41666666667,27.0
5.45833333333,31.0
5.5,18.0
5.54166666667,18.0
5.58333333333,12.0
5.625,9.0
5.66666666667,8.0
5.70833333333,2.0
5.75,3.0
5.79166666667,1.0
5.83333333333,3.0
5.875,1.0
5.91666666667,3.0
5.95833333333,8.0
6.0,18.0
6.04166666667,25.0
6.08333333333,22.0
6.125,33.0
6.16666666667,35.0
6.20833333333,39.0
6.25,48.0
6.29166666667,59.0
6.33333333333,40.0
6.375,43.0
6.41666666667,56.0
6.45833333333,31.0
6.5,30.0
6.54166666667,26.0
6.58333333333,16.0
6.625,8.0
6.66666666667,3.0
6.70833333333,7.0
6.75,1.0
6.79166666667,1.0
6.83333333333,3.0
6.875,7.0
6.91666666667,8.0
6.95833333333,12.0
7.0,19.0
7.04166666667,19.0
7.08333333333,37.0
7.125,48.0
7.16666666667,40.0
7.20833333333,43.0
7.25,55.0
7.29166666667,59.0
7.33333333333,38.0
7.375,45.0
7.41666666667,24.0
7.45833333333,42.0
7.5,28.0
7.54166666667,41.0
7.58333333333,26.0
7.625,9.0
7.66666666667,2.0
7.70833333333,4.0
7.75,4.0
7.79166666667,1.0
7.83333333333,nan
7.875,nan
7.91666666667,13.0
7.95833333333,18.0
8.0,17.0
8.04166666667,36.0
8.08333333333,53.0
8.125,50.0
8.16666666667,59.0
8.20833333333,46.0
8.25,41.0
8.29166666667,65.0
8.33333333333,48.0
8.375,57.0
8.41666666667,72.0
8.45833333333,57.0
8.5,47.0
8.54166666667,46.0
8.58333333333,29.0
8.625,20.0
8.66666666667,15.0
8.70833333333,5.0
8.75,3.0
8.79166666667,3.0
8.83333333333,2.0
8.875,4.0
8.91666666667,7.0
8.95833333333,17.0
9.0,35.0
9.04166666667,30.0
9.08333333333,48.0
9.125,51.0
9.16666666667,63.0
9.20833333333,72.0
9.25,45.0
9.29166666667,50.0
9.33333333333,41.0
9.375,77.0
9.41666666667,104.0
9.45833333333,86.0
9.5,78.0
9.54166666667,64.0
9.58333333333,55.0
9.625,36.0
9.66666666667,13.0
9.70833333333,9.0
9.75,4.0
9.79166666667,nan
9.83333333333,5.0
9.875,2.0
9.91666666667,8.0
9.95833333333,15.0
10.0,28.0
10.0416666667,29.0
10.0833333333,46.0
10.125,63.0
10.1666666667,69.0
10.2083333333,82.0
10.25,68.0
10.2916666667,79.0
10.3333333333,62.0
10.375,73.0
10.4166666667,100.0
10.4583333333,54.0
10.5,61.0
10.5416666667,50.0
10.5833333333,36.0
10.625,20.0
10.6666666667,11.0
10.7083333333,10.0
10.75,4.0
10.7916666667,3.0
10.8333333333,10.0
10.875,2.0
10.9166666667,2.0
10.9583333333,2.0
11.0,11.0
11.0416666667,34.0
11.0833333333,71.0
11.125,63.0
11.1666666667,67.0
11.2083333333,77.0
11.25,96.0
11.2916666667,108.0
11.3333333333,102.0
11.375,71.0
11.4166666667,58.0
11.4583333333,56.0
11.5,56.0
11.5416666667,45.0
11.5833333333,36.0
11.625,28.0
11.6666666667,14.0
11.7083333333,13.0
11.75,11.0
11.7916666667,2.0
11.8333333333,nan
11.875,3.0
11.9166666667,9.0
11.9583333333,6.0
12.0,19.0
12.0416666667,24.0
12.0833333333,45.0
12.125,78.0
12.1666666667,74.0
12.2083333333,92.0
12.25,81.0
12.2916666667,84.0
12.3333333333,87.0
12.375,58.0
12.4166666667,46.0
12.4583333333,63.0
12.5,44.0
12.5416666667,31.0
12.5833333333,22.0
12.625,10.0
12.6666666667,9.0
12.7083333333,6.0
12.75,nan
12.7916666667,3.0
12.8333333333,3.0
12.875,7.0
12.9166666667,9.0
12.9583333333,17.0
13.0,18.0
13.0416666667,29.0
13.0833333333,34.0
13.125,50.0
13.1666666667,43.0
13.2083333333,44.0
13.25,60.0
13.2916666667,69.0
13.3333333333,57.0
13.375,47.0
13.4166666667,58.0
13.4583333333,69.0
13.5,30.0
13.5416666667,26.0
13.5833333333,19.0
13.625,10.0
13.6666666667,10.0
13.7083333333,8.0
13.75,6.0
13.7916666667,1.0
13.8333333333,3.0
13.875,2.0
13.9166666667,2.0
13.9583333333,15.0
14.0,19.0
14.0416666667,nan
14.0833333333,nan
14.125,nan
14.1666666667,nan
14.2083333333,nan
14.25,nan
14.2916666667,nan
14.3333333333,nan
14.375,nan
14.4166666667,nan
14.4583333333,nan
14.5,nan
14.5416666667,nan
14.5833333333,nan
14.625,5.0
14.6666666667,1.0
14.7083333333,5.0
14.75,1.0
14.7916666667,nan
14.8333333333,nan
14.875,2.0
14.9166666667,3.0
14.9583333333,9.0
15.0,28.0
15.0416666667,28.0
15.0833333333,31.0
15.125,54.0
15.1666666667,66.0
15.2083333333,51.0
15.25,57.0
15.2916666667,60.0
15.3333333333,62.0
15.375,51.0
15.4166666667,30.0
15.4583333333,45.0
15.5,35.0
15.5416666667,24.0
15.5833333333,27.0
15.625,16.0
15.6666666667,8.0
15.7083333333,5.0
15.75,2.0
15.7916666667,1.0
15.8333333333,nan
15.875,2.0
15.9166666667,4.0
15.9583333333,13.0
16.0,25.0
16.0416666667,28.0
16.0833333333,47.0
16.125,55.0
16.1666666667,58.0
16.2083333333,54.0
16.25,52.0
16.2916666667,78.0
16.3333333333,64.0
16.375,74.0
16.4166666667,83.0
16.4583333333,91.0
16.5,67.0
16.5416666667,40.0
16.5833333333,24.0
16.625,16.0
16.6666666667,13.0
16.7083333333,1.0
16.75,2.0
16.7916666667,1.0
16.8333333333,7.0
16.875,3.0
16.9166666667,10.0
16.9583333333,10.0
17.0,16.0
17.0416666667,29.0
17.0833333333,40.0
17.125,53.0
17.1666666667,75.0
17.2083333333,68.0
17.25,61.0
17.2916666667,80.0
17.3333333333,91.0
17.375,50.0
17.4166666667,56.0
17.4583333333,61.0
17.5,56.0
17.5416666667,57.0
17.5833333333,50.0
17.625,37.0
17.6666666667,16.0
17.7083333333,7.0
17.75,2.0
17.7916666667,3.0
17.8333333333,5.0
17.875,8.0
17.9166666667,4.0
17.9583333333,5.0
18.0,13.0
18.0416666667,32.0
18.0833333333,47.0
18.125,46.0
18.1666666667,80.0
18.2083333333,85.0
18.25,112.0
18.2916666667,107.0
18.3333333333,84.0
18.375,77.0
18.4166666667,67.0
18.4583333333,76.0
18.5,53.0
18.5416666667,37.0
18.5833333333,32.0
18.625,21.0
18.6666666667,25.0
18.7083333333,14.0
18.75,12.0
18.7916666667,4.0
18.8333333333,2.0
18.875,2.0
18.9166666667,4.0
18.9583333333,10.0
19.0,20.0
19.0416666667,31.0
19.0833333333,21.0
19.125,49.0
19.1666666667,67.0
19.2083333333,78.0
19.25,72.0
19.2916666667,56.0
19.3333333333,54.0
19.375,48.0
19.4166666667,35.0
19.4583333333,24.0
19.5,21.0
19.5416666667,22.0
19.5833333333,15.0
19.625,10.0
19.6666666667,6.0
19.7083333333,3.0
19.75,1.0
19.7916666667,1.0
19.8333333333,1.0
19.875,2.0
19.9166666667,6.0
19.9583333333,9.0
20.0,18.0
20.0416666667,26.0
20.0833333333,34.0
20.125,41.0
20.1666666667,49.0
20.2083333333,33.0
20.25,55.0
20.2916666667,72.0
20.3333333333,50.0
20.375,52.0
20.4166666667,80.0
20.4583333333,46.0
20.5,41.0
20.5416666667,21.0
20.5833333333,20.0
20.625,9.0
20.6666666667,8.0
20.7083333333,4.0
20.75,1.0
20.7916666667,1.0
20.8333333333,nan
20.875,1.0
20.9166666667,16.0
20.9583333333,12.0
21.0,15.0
21.0416666667,20.0
21.0833333333,32.0
21.125,41.0
21.1666666667,32.0
21.2083333333,50.0
21.25,55.0
21.2916666667,59.0
21.3333333333,54.0
21.375,57.0
21.4166666667,54.0
21.4583333333,48.0
21.5,39.0
21.5416666667,37.0
21.5833333333,35.0
21.625,11.0
21.6666666667,5.0
21.7083333333,5.0
21.75,1.0
21.7916666667,2.0
21.8333333333,nan
21.875,1.0
21.9166666667,14.0
21.9583333333,11.0
22.0,21.0
22.0416666667,25.0
22.0833333333,28.0
22.125,44.0
22.1666666667,50.0
22.2083333333,35.0
22.25,57.0
22.2916666667,56.0
22.3333333333,57.0
22.375,62.0
22.4166666667,71.0
22.4583333333,65.0
22.5,45.0
22.5416666667,38.0
22.5833333333,35.0
22.625,14.0
22.6666666667,13.0
22.7083333333,3.0
22.75,1.0
22.7916666667,2.0
22.8333333333,nan
22.875,2.0
22.9166666667,6.0
22.9583333333,15.0
23.0,24.0
23.0416666667,54.0
23.0833333333,47.0
23.125,42.0
23.1666666667,49.0
23.2083333333,62.0
23.25,70.0
23.2916666667,56.0
23.3333333333,57.0
23.375,84.0
23.4166666667,86.0
23.4583333333,72.0
23.5,31.0
23.5416666667,42.0
23.5833333333,40.0
23.625,24.0
23.6666666667,9.0
23.7083333333,3.0
23.75,4.0
23.7916666667,3.0
23.8333333333,nan
23.875,2.0
23.9166666667,8.0
23.9583333333,12.0
24.0,6.0
24.0416666667,4.0
24.0833333333,26.0
24.125,56.0
24.1666666667,56.0
24.2083333333,75.0
24.25,66.0
24.2916666667,66.0
24.3333333333,60.0
24.375,66.0
24.4166666667,56.0
24.4583333333,44.0
24.5,54.0
24.5416666667,53.0
24.5833333333,43.0
24.625,32.0
24.6666666667,23.0
24.7083333333,12.0
24.75,2.0
24.7916666667,10.0
24.8333333333,1.0
24.875,nan
24.9166666667,1.0
24.9583333333,1.0
25.0,nan
25.0416666667,nan
25.0833333333,nan
25.125,nan
25.1666666667,4.0
25.2083333333,1.0
25.25,72.0
25.2916666667,90.0
25.3333333333,78.0
25.375,89.0
25.4166666667,62.0
25.4583333333,53.0
25.5,56.0
25.5416666667,48.0
25.5833333333,47.0
25.625,nan
25.6666666667,22.0
25.7083333333,11.0
25.75,7.0
25.7916666667,3.0
25.8333333333,1.0
25.875,2.0
25.9166666667,2.0
25.9583333333,7.0
26.0,16.0
26.0416666667,21.0
26.0833333333,36.0
26.125,44.0
26.1666666667,51.0
26.2083333333,55.0
26.25,57.0
26.2916666667,46.0
26.3333333333,49.0
26.375,48.0
26.4166666667,47.0
26.4583333333,29.0
26.5,26.0
26.5416666667,19.0
26.5833333333,24.0
26.625,15.0
26.6666666667,2.0
26.7083333333,6.0
26.75,2.0
26.7916666667,1.0
26.8333333333,2.0
26.875,2.0
26.9166666667,5.0
26.9583333333,14.0
27.0,20.0
27.0416666667,23.0
27.0833333333,33.0
27.125,38.0
27.1666666667,43.0
27.2083333333,41.0
27.25,46.0
27.2916666667,41.0
27.3333333333,48.0
27.375,50.0
27.4166666667,46.0
27.4583333333,43.0
27.5,52.0
27.5416666667,35.0
27.5833333333,29.0
27.625,26.0
27.6666666667,9.0
27.7083333333,8.0
27.75,2.0
27.7916666667,1.0
27.8333333333,2.0
27.875,4.0
27.9166666667,9.0
27.9583333333,11.0
28.0,25.0
28.0416666667,28.0
28.0833333333,36.0
28.125,44.0
28.1666666667,46.0
28.2083333333,52.0
28.25,61.0
28.2916666667,72.0
28.3333333333,62.0
28.375,45.0
28.4166666667,46.0
28.4583333333,32.0
28.5,43.0
28.5416666667,31.0
28.5833333333,20.0
28.625,2.0
28.6666666667,7.0
28.7083333333,6.0
28.75,1.0
28.7916666667,nan
28.8333333333,nan
28.875,nan
28.9166666667,nan
28.9583333333,11.0
29.0,11.0
29.0416666667,33.0
29.0833333333,37.0
29.125,42.0
29.1666666667,44.0
29.2083333333,51.0
29.25,60.0
29.2916666667,71.0
29.3333333333,54.0
29.375,64.0
29.4166666667,62.0
29.4583333333,62.0
29.5,58.0
29.5416666667,35.0
29.5833333333,20.0
29.625,6.0
29.6666666667,nan
29.7083333333,nan
29.75,nan
29.7916666667,nan
29.8333333333,nan
29.875,nan
29.9166666667,nan
29.9583333333,nan
30.0,nan
30.0416666667,nan
30.0833333333,nan
30.125,nan
30.1666666667,nan
30.2083333333,nan
30.25,nan
30.2916666667,nan
30.3333333333,nan
30.375,nan
30.4166666667,nan
30.4583333333,nan
30.5,nan
30.5416666667,9.0
30.5833333333,29.0
30.625,33.0
30.6666666667,15.0
30.7083333333,7.0
30.75,5.0
30.7916666667,1.0
30.8333333333,1.0
30.875,1.0
30.9166666667,4.0
30.9583333333,5.0
31.0,22.0
31.0416666667,27.0
31.0833333333,29.0
31.125,52.0
31.1666666667,56.0
31.2083333333,57.0
31.25,63.0
31.2916666667,77.0
31.3333333333,54.0
31.375,49.0
31.4166666667,52.0
31.4583333333,45.0
31.5,33.0
31.5416666667,30.0
31.5833333333,30.0
31.625,29.0
31.6666666667,23.0
31.7083333333,9.0
31.75,5.0
31.7916666667,4.0
31.8333333333,3.0
31.875,nan
31.9166666667,2.0
31.9583333333,6.0
32.0,9.0
