0.0,1.0
0.0416666666667,nan
0.0833333333333,nan
0.125,nan
0.166666666667,nan
0.208333333333,nan
0.25,nan
0.291666666667,nan
0.333333333333,nan
0.375,nan
0.416666666667,nan
0.458333333333,nan
0.5,nan
0.541666666667,nan
0.583333333333,nan
0.625,nan
0.666666666667,nan
0.708333333333,nan
0.75,nan
0.791666666667,nan
0.833333333333,nan
0.875,nan
0.916666666667,nan
0.958333333333,nan
1.0,nan
1.04166666667,nan
1.08333333333,nan
1.125,nan
1.16666666667,nan
1.20833333333,nan
1.25,nan
1.29166666667,nan
1.33333333333,nan
1.375,nan
1.41666666667,nan
1.45833333333,nan
1.5,nan
1.54166666667,nan
1.58333333333,nan
1.625,nan
1.66666666667,nan
1.70833333333,nan
1.75,nan
1.79166666667,nan
1.83333333333,nan
1.875,nan
1.91666666667,nan
1.95833333333,nan
2.0,nan
2.04166666667,nan
2.08333333333,nan
2.125,nan
2.16666666667,nan
2.20833333333,nan
2.25,nan
2.29166666667,nan
2.33333333333,nan
2.375,nan
2.41666666667,nan
2.45833333333,nan
2.5,nan
2.54166666667,nan
2.58333333333,39.0
2.625,77.0
2.66666666667,79.0
2.70833333333,71.0
2.75,82.0
2.79166666667,78.0
2.83333333333,89.0
2.875,109.0
2.91666666667,92.0
2.95833333333,105.0
3.0,104.0
3.04166666667,86.0
3.08333333333,85.0
3.125,90.0
3.16666666667,69.0
3.20833333333,35.0
3.25,23.0
3.29166666667,13.0
3.33333333333,5.0
3.375,6.0
3.41666666667,10.0
3.45833333333,23.0
3.5,33.0
3.54166666667,61.0
3.58333333333,69.0
3.625,61.0
3.66666666667,74.0
3.70833333333,89.0
3.75,95.0
3.79166666667,94.0
3.83333333333,108.0
3.875,110.0
3.91666666667,87.0
3.95833333333,104.0
4.0,131.0
4.04166666667,100.0
4.08333333333,99.0
4.125,95.0
4.16666666667,76.0
4.20833333333,50.0
4.25,26.0
4.29166666667,14.0
4.33333333333,6.0
4.375,11.0
4.41666666667,11.0
4.45833333333,36.0
4.5,66.0
4.54166666667,106.0
4.58333333333,212.0
4.625,322.0
4.66666666667,332.0
4.70833333333,280.0
4.75,190.0
4.79166666667,136.0
4.83333333333,117.0
4.875,112.0
4.91666666667,108.0
4.95833333333,112.0
5.0,125.0
5.04166666667,115.0
5.08333333333,80.0
5.125,79.0
5.16666666667,69.0
5.20833333333,51.0
5.25,31.0
5.29166666667,23.0
5.33333333333,11.0
5.375,8.0
5.41666666667,8.0
5.45833333333,17.0
5.5,23.0
5.54166666667,46.0
5.58333333333,46.0
5.625,47.0
5.66666666667,62.0
5.70833333333,86.0
5.75,91.0
5.79166666667,91.0
5.83333333333,101.0
5.875,104.0
5.91666666667,130.0
5.95833333333,128.0
6.0,116.0
6.04166666667,94.0
6.08333333333,112.0
6.125,99.0
6.16666666667,91.0
6.20833333333,57.0
6.25,32.0
6.29166666667,26.0
6.33333333333,18.0
6.375,3.0
6.41666666667,9.0
6.45833333333,5.0
6.5,11.0
6.54166666667,33.0
6.58333333333,39.0
6.625,45.0
6.66666666667,73.0
6.70833333333,70.0
6.75,109.0
6.79166666667,73.0
6.83333333333,105.0
6.875,104.0
6.91666666667,127.0
6.95833333333,112.0
7.0,113.0
7.04166666667,104.0
7.08333333333,95.0
7.125,87.0
7.16666666667,84.0
7.20833333333,67.0
7.25,24.0
7.29166666667,17.0
7.33333333333,15.0
7.375,13.0
7.41666666667,5.0
7.45833333333,7.0
7.5,9.0
7.54166666667,30.0
7.58333333333,27.0
7.625,45.0
7.66666666667,49.0
7.70833333333,52.0
7.75,73.0
7.79166666667,79.0
7.83333333333,58.0
7.875,71.0
7.91666666667,78.0
7.95833333333,107.0
8.0,68.0
8.04166666667,80.0
8.08333333333,73.0
8.125,61.0
8.16666666667,56.0
8.20833333333,25.0
8.25,14.0
8.29166666667,4.0
8.33333333333,4.0
8.375,8.0
8.41666666667,1.0
8.45833333333,10.0
8.5,18.0
8.54166666667,29.0
8.58333333333,43.0
8.625,41.0
8.66666666667,42.0
8.70833333333,44.0
8.75,48.0
8.79166666667,54.0
8.83333333333,63.0
8.875,73.0
8.91666666667,85.0
8.95833333333,85.0
9.0,96.0
9.04166666667,72.0
9.08333333333,56.0
9.125,66.0
9.16666666667,40.0
9.20833333333,30.0
9.25,23.0
9.29166666667,12.0
9.33333333333,nan
9.375,6.0
9.41666666667,1.0
9.45833333333,5.0
9.5,20.0
9.54166666667,32.0
9.58333333333,33.0
9.625,53.0
9.66666666667,55.0
9.70833333333,47.0
9.75,66.0
9.79166666667,67.0
9.83333333333,54.0
9.875,69.0
9.91666666667,62.0
9.95833333333,78.0
10.0,80.0
10.0416666667,79.0
10.0833333333,89.0
10.125,77.0
10.1666666667,55.0
10.2083333333,35.0
10.25,13.0
10.2916666667,11.0
10.3333333333,9.0
10.375,5.0
10.4166666667,4.0
10.4583333333,7.0
10.5,25.0
10.5416666667,27.0
10.5833333333,40.0
10.625,45.0
10.6666666667,43.0
10.7083333333,80.0
10.75,75.0
10.7916666667,92.0
10.8333333333,119.0
10.875,130.0
10.9166666667,194.0
10.9583333333,230.0
11.0,319.0
11.0416666667,313.0
11.0833333333,313.0
11.125,290.0
11.1666666667,211.0
11.2083333333,84.0
11.25,61.0
11.2916666667,16.0
11.3333333333,9.0
11.375,10.0
11.4166666667,11.0
11.4583333333,23.0
11.5,39.0
11.5416666667,46.0
11.5833333333,80.0
11.625,85.0
11.6666666667,89.0
11.7083333333,86.0
11.75,109.0
11.7916666667,117.0
11.8333333333,86.0
11.875,145.0
11.9166666667,175.0
11.9583333333,194.0
12.0,173.0
12.0416666667,155.0
12.0833333333,196.0
12.125,176.0
12.1666666667,143.0
12.2083333333,105.0
12.25,49.0
12.2916666667,12.0
12.3333333333,14.0
12.375,6.0
12.4166666667,7.0
12.4583333333,19.0
12.5,33.0
12.5416666667,59.0
12.5833333333,73.0
12.625,76.0
12.6666666667,87.0
12.7083333333,88.0
12.75,79.0
12.7916666667,116.0
12.8333333333,122.0
12.875,159.0
12.9166666667,171.0
12.9583333333,176.0
13.0,195.0
13.0416666667,172.0
13.0833333333,199.0
13.125,180.0
13.1666666667,158.0
13.2083333333,96.0
13.25,60.0
13.2916666667,31.0
13.3333333333,20.0
13.375,7.0
13.4166666667,4.0
13.4583333333,13.0
13.5,15.0
13.5416666667,35.0
13.5833333333,46.0
13.625,72.0
13.6666666667,90.0
13.7083333333,97.0
13.75,131.0
13.7916666667,168.0
13.8333333333,162.0
13.875,205.0
13.9166666667,283.0
13.9583333333,272.0
