0.0,57.0
0.0416666666667,46.0
0.0833333333333,36.0
0.125,48.0
0.166666666667,34.0
0.208333333333,25.0
0.25,24.0
0.291666666667,16.0
0.333333333333,5.0
0.375,3.0
0.416666666667,5.0
0.458333333333,2.0
0.5,4.0
0.541666666667,6.0
0.583333333333,17.0
0.625,20.0
0.666666666667,28.0
0.708333333333,61.0
0.75,63.0
0.791666666667,65.0
0.833333333333,74.0
0.875,66.0
0.916666666667,59.0
0.958333333333,50.0
1.0,61.0
1.04166666667,87.0
1.08333333333,70.0
1.125,75.0
1.16666666667,77.0
1.20833333333,51.0
1.25,48.0
1.29166666667,36.0
1.33333333333,25.0
1.375,12.0
1.41666666667,5.0
1.45833333333,2.0
1.5,4.0
1.54166666667,15.0
1.58333333333,25.0
1.625,25.0
1.66666666667,48.0
1.70833333333,47.0
1.75,58.0
1.79166666667,74.0
1.83333333333,76.0
1.875,93.0
1.91666666667,79.0
1.95833333333,83.0
2.0,57.0
2.04166666667,72.0
2.08333333333,89.0
2.125,98.0
2.16666666667,98.0
2.20833333333,74.0
2.25,60.0
2.29166666667,48.0
2.33333333333,29.0
2.375,12.0
2.41666666667,5.0
2.45833333333,7.0
2.5,3.0
2.54166666667,15.0
2.58333333333,19.0
2.625,36.0
2.66666666667,50.0
2.70833333333,46.0
2.75,73.0
2.79166666667,63.0
2.83333333333,59.0
2.875,66.0
2.91666666667,53.0
2.95833333333,51.0
3.0,61.0
3.04166666667,60.0
3.08333333333,64.0
3.125,54.0
3.16666666667,42.0
3.20833333333,44.0
3.25,9.0
3.29166666667,16.0
3.33333333333,5.0
3.375,4.0
3.41666666667,nan
3.45833333333,4.0
3.5,5.0
3.54166666667,14.0
3.58333333333,31.0
3.625,34.0
3.66666666667,44.0
3.70833333333,45.0
3.75,58.0
3.79166666667,49.0
3.83333333333,48.0
3.875,62.0
3.91666666667,72.0
3.95833333333,64.0
4.0,69.0
4.04166666667,71.0
4.08333333333,68.0
4.125,73.0
4.16666666667,51.0
4.20833333333,41.0
4.25,31.0
4.29166666667,10.0
4.33333333333,6.0
4.375,5.0
4.41666666667,2.0
4.45833333333,5.0
4.5,13.0
4.54166666667,12.0
4.58333333333,30.0
4.625,32.0
4.66666666667,48.0
4.70833333333,61.0
4.75,52.0
4.79166666667,61.0
4.83333333333,55.0
4.875,41.0
4.91666666667,55.0
4.95833333333,70.0
5.0,82.0
5.04166666667,132.0
5.08333333333,158.0
5.125,130.0
5.16666666667,91.0
5.20833333333,51.0
5.25,31.0
5.29166666667,22.0
5.33333333333,5.0
5.375,5.0
5.41666666667,5.0
5.45833333333,3.0
5.5,11.0
5.54166666667,26.0
5.58333333333,35.0
5.625,47.0
5.66666666667,52.0
5.70833333333,66.0
5.75,69.0
5.79166666667,61.0
5.83333333333,65.0
5.875,75.0
5.91666666667,81.0
5.95833333333,79.0
6.0,130.0
6.04166666667,137.0
6.08333333333,132.0
6.125,122.0
6.16666666667,96.0
6.20833333333,56.0
6.25,26.0
6.29166666667,22.0
6.33333333333,15.0
6.375,9.0
6.41666666667,2.0
6.45833333333,7.0
6.5,18.0
6.54166666667,16.0
6.58333333333,47.0
6.625,42.0
6.66666666667,75.0
6.70833333333,61.0
6.75,75.0
6.79166666667,78.0
6.83333333333,65.0
6.875,70.0
6.91666666667,83.0
6.95833333333,88.0
7.0,134.0
7.04166666667,142.0
7.08333333333,140.0
7.125,137.0
7.16666666667,110.0
7.20833333333,90.0
7.25,34.0
7.29166666667,21.0
7.33333333333,18.0
7.375,1.0
7.41666666667,6.0
7.45833333333,4.0
7.5,18.0
7.54166666667,21.0
7.58333333333,34.0
7.625,43.0
7.66666666667,55.0
7.70833333333,74.0
7.75,63.0
7.79166666667,89.0
7.83333333333,83.0
7.875,88.0
7.91666666667,77.0
7.95833333333,92.0
8.0,117.0
8.04166666667,120.0
8.08333333333,151.0
8.125,176.0
8.16666666667,162.0
8.20833333333,126.0
8.25,86.0
8.29166666667,44.0
8.33333333333,27.0
8.375,19.0
8.41666666667,8.0
8.45833333333,10.0
8.5,8.0
8.54166666667,14.0
8.58333333333,33.0
8.625,57.0
8.66666666667,84.0
8.70833333333,87.0
8.75,89.0
8.79166666667,102.0
8.83333333333,120.0
8.875,109.0
8.91666666667,103.0
8.95833333333,99.0
9.0,127.0
9.04166666667,134.0
9.08333333333,143.0
9.125,154.0
9.16666666667,151.0
9.20833333333,134.0
9.25,84.0
9.29166666667,64.0
9.33333333333,54.0
9.375,22.0
9.41666666667,8.0
9.45833333333,9.0
9.5,10.0
9.54166666667,17.0
9.58333333333,37.0
9.625,48.0
9.66666666667,71.0
9.70833333333,88.0
9.75,127.0
9.79166666667,138.0
9.83333333333,145.0
9.875,127.0
9.91666666667,102.0
9.95833333333,111.0
10.0,98.0
10.0416666667,96.0
10.0833333333,109.0
10.125,94.0
10.1666666667,62.0
10.2083333333,37.0
10.25,27.0
10.2916666667,13.0
10.3333333333,10.0
10.375,4.0
10.4166666667,4.0
10.4583333333,5.0
10.5,14.0
10.5416666667,24.0
10.5833333333,37.0
10.625,43.0
10.6666666667,37.0
10.7083333333,64.0
10.75,67.0
10.7916666667,89.0
10.8333333333,100.0
10.875,79.0
10.9166666667,76.0
10.9583333333,99.0
11.0,110.0
11.0416666667,119.0
11.0833333333,127.0
11.125,93.0
11.1666666667,80.0
11.2083333333,42.0
11.25,22.0
11.2916666667,16.0
11.3333333333,6.0
11.375,2.0
11.4166666667,2.0
11.4583333333,6.0
11.5,9.0
11.5416666667,15.0
11.5833333333,36.0
11.625,nan
11.6666666667,nan
11.7083333333,nan
11.75,nan
11.7916666667,nan
11.8333333333,nan
11.875,nan
11.9166666667,nan
11.9583333333,nan
12.0,nan
12.0416666667,nan
12.0833333333,nan
12.125,nan
12.1666666667,nan
12.2083333333,27.0
12.25,23.0
12.2916666667,20.0
12.3333333333,12.0
12.375,1.0
12.4166666667,3.0
12.4583333333,4.0
12.5,12.0
12.5416666667,18.0
12.5833333333,34.0
12.625,41.0
12.6666666667,42.0
12.7083333333,57.0
12.75,74.0
12.7916666667,77.0
12.8333333333,81.0
12.875,76.0
12.9166666667,74.0
12.9583333333,125.0
13.0,109.0
13.0416666667,97.0
13.0833333333,119.0
13.125,107.0
13.1666666667,77.0
13.2083333333,67.0
13.25,41.0
13.2916666667,21.0
13.3333333333,10.0
13.375,4.0
13.4166666667,nan
13.4583333333,6.0
13.5,7.0
13.5416666667,21.0
13.5833333333,41.0
13.625,48.0
13.6666666667,76.0
13.7083333333,70.0
13.75,102.0
13.7916666667,98.0
13.8333333333,80.0
13.875,86.0
13.9166666667,79.0
13.9583333333,115.0
