0.0,1.0
0.0416666666667,nan
0.0833333333333,nan
0.125,nan
0.166666666667,nan
0.208333333333,nan
0.25,nan
0.291666666667,1.0
0.333333333333,nan
0.375,nan
0.416666666667,nan
0.458333333333,nan
0.5,nan
0.541666666667,nan
0.583333333333,32.0
0.625,66.0
0.666666666667,86.0
0.708333333333,105.0
0.75,115.0
0.791666666667,92.0
0.833333333333,102.0
0.875,124.0
0.916666666667,115.0
0.958333333333,122.0
1.0,119.0
1.04166666667,115.0
1.08333333333,111.0
1.125,87.0
1.16666666667,66.0
1.20833333333,57.0
1.25,32.0
1.29166666667,17.0
1.33333333333,10.0
1.375,7.0
1.41666666667,2.0
1.45833333333,9.0
1.5,24.0
1.54166666667,44.0
1.58333333333,76.0
1.625,72.0
1.66666666667,87.0
1.70833333333,105.0
1.75,111.0
1.79166666667,99.0
1.83333333333,128.0
1.875,110.0
1.91666666667,116.0
1.95833333333,122.0
2.0,102.0
2.04166666667,102.0
2.08333333333,92.0
2.125,86.0
2.16666666667,89.0
2.20833333333,54.0
2.25,56.0
2.29166666667,22.0
2.33333333333,20.0
2.375,18.0
2.41666666667,14.0
2.45833333333,24.0
2.5,46.0
2.54166666667,85.0
2.58333333333,131.0
2.625,234.0
2.66666666667,277.0
2.70833333333,180.0
2.75,129.0
2.79166666667,95.0
2.83333333333,77.0
2.875,92.0
2.91666666667,103.0
2.95833333333,102.0
3.0,89.0
3.04166666667,89.0
3.08333333333,76.0
3.125,68.0
3.16666666667,99.0
3.20833333333,64.0
3.25,54.0
3.29166666667,39.0
3.33333333333,31.0
3.375,21.0
3.41666666667,23.0
3.45833333333,20.0
3.5,23.0
3.54166666667,31.0
3.58333333333,47.0
3.625,65.0
3.66666666667,59.0
3.70833333333,73.0
3.75,79.0
3.79166666667,94.0
3.83333333333,95.0
3.875,86.0
3.91666666667,97.0
3.95833333333,92.0
4.0,94.0
4.04166666667,78.0
4.08333333333,90.0
4.125,98.0
4.16666666667,74.0
4.20833333333,58.0
4.25,43.0
4.29166666667,34.0
4.33333333333,17.0
4.375,12.0
4.41666666667,8.0
4.45833333333,4.0
4.5,15.0
4.54166666667,32.0
4.58333333333,50.0
4.625,48.0
4.66666666667,67.0
4.70833333333,83.0
4.75,95.0
4.79166666667,90.0
4.83333333333,106.0
4.875,106.0
4.91666666667,111.0
4.95833333333,112.0
5.0,102.0
5.04166666667,95.0
5.08333333333,95.0
5.125,90.0
5.16666666667,80.0
5.20833333333,59.0
5.25,32.0
5.29166666667,22.0
5.33333333333,13.0
5.375,14.0
5.41666666667,11.0
5.45833333333,12.0
5.5,9.0
5.54166666667,16.0
5.58333333333,43.0
5.625,56.0
5.66666666667,55.0
5.70833333333,65.0
5.75,82.0
5.79166666667,89.0
5.83333333333,77.0
5.875,65.0
5.91666666667,92.0
5.95833333333,87.0
6.0,81.0
6.04166666667,58.0
6.08333333333,67.0
6.125,64.0
6.16666666667,37.0
6.20833333333,27.0
6.25,25.0
6.29166666667,12.0
6.33333333333,3.0
6.375,3.0
6.41666666667,5.0
6.45833333333,12.0
6.5,16.0
6.54166666667,29.0
6.58333333333,63.0
6.625,60.0
6.66666666667,72.0
6.70833333333,60.0
6.75,69.0
6.79166666667,73.0
6.83333333333,92.0
6.875,104.0
6.91666666667,93.0
6.95833333333,87.0
7.0,67.0
7.04166666667,107.0
7.08333333333,102.0
7.125,60.0
7.16666666667,48.0
7.20833333333,47.0
7.25,18.0
7.29166666667,10.0
7.33333333333,9.0
7.375,5.0
7.41666666667,7.0
7.45833333333,12.0
7.5,19.0
7.54166666667,44.0
7.58333333333,49.0
7.625,57.0
7.66666666667,67.0
7.70833333333,84.0
7.75,99.0
7.79166666667,88.0
7.83333333333,87.0
7.875,70.0
7.91666666667,98.0
7.95833333333,103.0
8.0,73.0
8.04166666667,76.0
8.08333333333,71.0
8.125,83.0
8.16666666667,56.0
8.20833333333,47.0
8.25,20.0
8.29166666667,14.0
8.33333333333,5.0
8.375,3.0
8.41666666667,5.0
8.45833333333,9.0
8.5,25.0
8.54166666667,55.0
8.58333333333,71.0
8.625,71.0
8.66666666667,68.0
8.70833333333,86.0
8.75,94.0
8.79166666667,103.0
8.83333333333,91.0
8.875,116.0
8.91666666667,123.0
8.95833333333,130.0
9.0,100.0
9.04166666667,109.0
9.08333333333,87.0
9.125,86.0
9.16666666667,79.0
9.20833333333,53.0
9.25,27.0
9.29166666667,12.0
9.33333333333,11.0
9.375,7.0
9.41666666667,5.0
9.45833333333,9.0
9.5,25.0
9.54166666667,42.0
9.58333333333,73.0
9.625,68.0
9.66666666667,98.0
9.70833333333,106.0
9.75,110.0
9.79166666667,104.0
9.83333333333,87.0
9.875,128.0
9.91666666667,131.0
9.95833333333,162.0
10.0,146.0
10.0416666667,115.0
10.0833333333,122.0
10.125,115.0
10.1666666667,101.0
10.2083333333,69.0
10.25,28.0
10.2916666667,13.0
10.3333333333,10.0
10.375,5.0
10.4166666667,5.0
10.4583333333,9.0
10.5,27.0
10.5416666667,42.0
10.5833333333,78.0
10.625,89.0
10.6666666667,87.0
10.7083333333,106.0
10.75,105.0
10.7916666667,102.0
10.8333333333,134.0
10.875,125.0
10.9166666667,106.0
10.9583333333,123.0
11.0,117.0
11.0416666667,126.0
11.0833333333,131.0
11.125,85.0
11.1666666667,104.0
11.2083333333,72.0
11.25,53.0
11.2916666667,34.0
11.3333333333,17.0
11.375,10.0
11.4166666667,6.0
11.4583333333,4.0
11.5,9.0
11.5416666667,34.0
11.5833333333,52.0
11.625,63.0
11.6666666667,86.0
11.7083333333,83.0
11.75,74.0
11.7916666667,109.0
11.8333333333,127.0
11.875,115.0
11.9166666667,151.0
11.9583333333,166.0
12.0,149.0
12.0416666667,142.0
12.0833333333,142.0
12.125,144.0
12.1666666667,140.0
12.2083333333,121.0
12.25,87.0
12.2916666667,52.0
12.3333333333,37.0
12.375,22.0
12.4166666667,13.0
12.4583333333,7.0
12.5,12.0
12.5416666667,25.0
12.5833333333,47.0
12.625,60.0
12.6666666667,86.0
12.7083333333,96.0
12.75,113.0
12.7916666667,96.0
12.8333333333,100.0
12.875,115.0
12.9166666667,115.0
12.9583333333,108.0
13.0,107.0
13.0416666667,110.0
13.0833333333,72.0
13.125,69.0
13.1666666667,47.0
13.2083333333,33.0
13.25,31.0
13.2916666667,16.0
13.3333333333,6.0
13.375,4.0
13.4166666667,3.0
13.4583333333,6.0
13.5,18.0
13.5416666667,41.0
13.5833333333,51.0
13.625,65.0
13.6666666667,90.0
13.7083333333,83.0
13.75,87.0
13.7916666667,105.0
13.8333333333,114.0
13.875,114.0
13.9166666667,108.0
13.9583333333,126.0
