0.0,39.0
0.0416666666667,82.0
0.0833333333333,90.0
0.125,63.0
0.166666666667,96.0
0.208333333333,77.0
0.25,83.0
0.291666666667,90.0
0.333333333333,82.0
0.375,111.0
0.416666666667,120.0
0.458333333333,94.0
0.5,70.0
0.541666666667,65.0
0.583333333333,66.0
0.625,25.0
0.666666666667,22.0
0.708333333333,5.0
0.75,5.0
0.791666666667,2.0
0.833333333333,8.0
0.875,24.0
0.916666666667,25.0
0.958333333333,72.0
1.0,79.0
1.04166666667,68.0
1.08333333333,65.0
1.125,104.0
1.16666666667,102.0
1.20833333333,83.0
1.25,108.0
1.29166666667,106.0
1.33333333333,102.0
1.375,95.0
1.41666666667,122.0
1.45833333333,86.0
1.5,89.0
1.54166666667,80.0
1.58333333333,42.0
1.625,33.0
1.66666666667,16.0
1.70833333333,12.0
1.75,7.0
1.79166666667,4.0
1.83333333333,15.0
1.875,30.0
1.91666666667,65.0
1.95833333333,118.0
2.0,236.0
2.04166666667,360.0
2.08333333333,359.0
2.125,361.0
2.16666666667,299.0
2.20833333333,235.0
2.25,197.0
2.29166666667,166.0
2.33333333333,152.0
2.375,148.0
2.41666666667,138.0
2.45833333333,158.0
2.5,100.0
2.54166666667,94.0
2.58333333333,88.0
2.625,53.0
2.66666666667,24.0
2.70833333333,19.0
2.75,9.0
2.79166666667,9.0
2.83333333333,6.0
2.875,13.0
2.91666666667,25.0
2.95833333333,40.0
3.0,79.0
3.04166666667,74.0
3.08333333333,89.0
3.125,114.0
3.16666666667,116.0
3.20833333333,134.0
3.25,149.0
3.29166666667,120.0
3.33333333333,161.0
3.375,252.0
3.41666666667,146.0
3.45833333333,128.0
3.5,135.0
3.54166666667,96.0
3.58333333333,105.0
3.625,45.0
3.66666666667,38.0
3.70833333333,19.0
3.75,12.0
3.79166666667,6.0
3.83333333333,10.0
3.875,2.0
3.91666666667,14.0
3.95833333333,36.0
4.0,61.0
4.04166666667,43.0
4.08333333333,94.0
4.125,135.0
4.16666666667,108.0
4.20833333333,105.0
4.25,161.0
4.29166666667,151.0
4.33333333333,158.0
4.375,111.0
4.41666666667,114.0
4.45833333333,78.0
4.5,124.0
4.54166666667,83.0
4.58333333333,95.0
4.625,40.0
4.66666666667,36.0
4.70833333333,15.0
4.75,8.0
4.79166666667,20.0
4.83333333333,8.0
4.875,2.0
4.91666666667,8.0
4.95833333333,37.0
5.0,39.0
5.04166666667,69.0
5.08333333333,81.0
5.125,97.0
5.16666666667,78.0
5.20833333333,91.0
5.25,136.0
5.29166666667,106.0
5.33333333333,100.0
5.375,109.0
5.41666666667,88.0
5.45833333333,67.0
5.5,97.0
5.54166666667,60.0
5.58333333333,35.0
5.625,23.0
5.66666666667,27.0
5.70833333333,6.0
5.75,8.0
5.79166666667,1.0
5.83333333333,1.0
5.875,11.0
5.91666666667,22.0
5.95833333333,27.0
6.0,51.0
6.04166666667,52.0
6.08333333333,66.0
6.125,70.0
6.16666666667,74.0
6.20833333333,82.0
6.25,91.0
6.29166666667,77.0
6.33333333333,84.0
6.375,96.0
6.41666666667,109.0
6.45833333333,96.0
6.5,74.0
6.54166666667,54.0
6.58333333333,57.0
6.625,26.0
6.66666666667,31.0
6.70833333333,10.0
6.75,1.0
6.79166666667,4.0
6.83333333333,3.0
6.875,8.0
6.91666666667,25.0
6.95833333333,25.0
7.0,20.0
7.04166666667,53.0
7.08333333333,42.0
7.125,54.0
7.16666666667,61.0
7.20833333333,66.0
7.25,52.0
7.29166666667,71.0
7.33333333333,87.0
7.375,91.0
7.41666666667,96.0
7.45833333333,76.0
7.5,82.0
7.54166666667,62.0
7.58333333333,60.0
7.625,43.0
7.66666666667,11.0
7.70833333333,18.0
7.75,3.0
7.79166666667,4.0
7.83333333333,4.0
7.875,8.0
7.91666666667,20.0
7.95833333333,30.0
8.0,45.0
8.04166666667,59.0
8.08333333333,67.0
8.125,82.0
8.16666666667,109.0
8.20833333333,114.0
8.25,137.0
8.29166666667,153.0
8.33333333333,240.0
8.375,291.0
8.41666666667,358.0
8.45833333333,346.0
8.5,349.0
8.54166666667,354.0
8.58333333333,277.0
8.625,115.0
8.66666666667,61.0
8.70833333333,23.0
8.75,10.0
8.79166666667,10.0
8.83333333333,14.0
8.875,25.0
8.91666666667,44.0
8.95833333333,59.0
9.0,95.0
9.04166666667,82.0
9.08333333333,93.0
9.125,94.0
9.16666666667,125.0
9.20833333333,143.0
9.25,120.0
9.29166666667,181.0
9.33333333333,196.0
9.375,228.0
9.41666666667,232.0
9.45833333333,207.0
9.5,197.0
9.54166666667,195.0
9.58333333333,156.0
9.625,116.0
9.66666666667,52.0
9.70833333333,9.0
9.75,7.0
9.79166666667,7.0
9.83333333333,3.0
9.875,12.0
9.91666666667,33.0
9.95833333333,55.0
10.0,84.0
10.0416666667,99.0
10.0833333333,96.0
10.125,97.0
10.1666666667,100.0
10.2083333333,153.0
10.25,137.0
10.2916666667,221.0
10.3333333333,247.0
10.375,274.0
10.4166666667,232.0
10.4583333333,209.0
10.5,281.0
10.5416666667,202.0
10.5833333333,175.0
10.625,142.0
10.6666666667,77.0
10.7083333333,24.0
10.75,27.0
10.7916666667,6.0
10.8333333333,6.0
10.875,21.0
10.9166666667,23.0
10.9583333333,46.0
11.0,62.0
11.0416666667,90.0
11.0833333333,107.0
11.125,118.0
11.1666666667,160.0
11.2083333333,251.0
11.25,209.0
11.2916666667,253.0
11.3333333333,322.0
11.375,335.0
11.4166666667,328.0
11.4583333333,327.0
11.5,325.0
11.5416666667,307.0
11.5833333333,246.0
11.625,181.0
11.6666666667,84.0
11.7083333333,58.0
11.75,29.0
11.7916666667,15.0
11.8333333333,6.0
11.875,20.0
11.9166666667,54.0
11.9583333333,65.0
12.0,83.0
12.0416666667,118.0
12.0833333333,141.0
12.125,119.0
12.1666666667,160.0
12.2083333333,180.0
12.25,197.0
12.2916666667,232.0
12.3333333333,302.0
12.375,249.0
12.4166666667,274.0
12.4583333333,256.0
12.5,228.0
12.5416666667,181.0
12.5833333333,142.0
12.625,77.0
12.6666666667,39.0
12.7083333333,21.0
12.75,5.0
12.7916666667,5.0
12.8333333333,13.0
12.875,15.0
12.9166666667,29.0
12.9583333333,57.0
13.0,73.0
13.0416666667,88.0
13.0833333333,71.0
13.125,81.0
13.1666666667,113.0
13.2083333333,102.0
13.25,114.0
13.2916666667,164.0
13.3333333333,169.0
13.375,191.0
13.4166666667,210.0
13.4583333333,166.0
13.5,194.0
13.5416666667,171.0
13.5833333333,116.0
13.625,70.0
13.6666666667,40.0
13.7083333333,21.0
13.75,11.0
13.7916666667,15.0
13.8333333333,9.0
13.875,11.0
13.9166666667,25.0
13.9583333333,45.0
14.0,56.0
14.0416666667,nan
14.0833333333,nan
14.125,nan
14.1666666667,nan
14.2083333333,nan
14.25,nan
14.2916666667,nan
14.3333333333,nan
14.375,nan
14.4166666667,nan
14.4583333333,nan
14.5,nan
14.5416666667,nan
14.5833333333,nan
14.625,47.0
14.6666666667,42.0
14.7083333333,24.0
14.75,8.0
14.7916666667,8.0
14.8333333333,10.0
14.875,10.0
14.9166666667,21.0
14.9583333333,51.0
15.0,46.0
15.0416666667,70.0
15.0833333333,78.0
15.125,85.0
15.1666666667,85.0
15.2083333333,106.0
15.25,129.0
15.2916666667,135.0
15.3333333333,133.0
15.375,121.0
15.4166666667,190.0
15.4583333333,142.0
15.5,145.0
15.5416666667,146.0
15.5833333333,87.0
15.625,53.0
15.6666666667,25.0
15.7083333333,17.0
15.75,15.0
15.7916666667,4.0
15.8333333333,2.0
15.875,12.0
15.9166666667,22.0
15.9583333333,32.0
16.0,51.0
16.0416666667,83.0
16.0833333333,101.0
16.125,125.0
16.1666666667,102.0
16.2083333333,113.0
16.25,119.0
16.2916666667,196.0
16.3333333333,163.0
16.375,156.0
16.4166666667,168.0
16.4583333333,171.0
16.5,160.0
16.5416666667,147.0
16.5833333333,118.0
16.625,88.0
16.6666666667,30.0
16.7083333333,12.0
16.75,5.0
16.7916666667,14.0
16.8333333333,3.0
16.875,23.0
16.9166666667,31.0
16.9583333333,53.0
17.0,80.0
17.0416666667,80.0
17.0833333333,84.0
17.125,100.0
17.1666666667,110.0
17.2083333333,141.0
17.25,151.0
17.2916666667,142.0
17.3333333333,160.0
17.375,241.0
17.4166666667,165.0
17.4583333333,223.0
17.5,263.0
17.5416666667,201.0
17.5833333333,185.0
17.625,103.0
17.6666666667,64.0
17.7083333333,20.0
17.75,4.0
17.7916666667,17.0
17.8333333333,14.0
17.875,13.0
17.9166666667,24.0
17.9583333333,50.0
18.0,80.0
18.0416666667,115.0
18.0833333333,135.0
18.125,164.0
18.1666666667,190.0
18.2083333333,214.0
18.25,258.0
18.2916666667,342.0
18.3333333333,357.0
18.375,304.0
18.4166666667,343.0
18.4583333333,330.0
18.5,337.0
18.5416666667,289.0
18.5833333333,223.0
18.625,179.0
18.6666666667,95.0
18.7083333333,39.0
18.75,17.0
18.7916666667,13.0
18.8333333333,5.0
18.875,9.0
18.9166666667,30.0
18.9583333333,65.0
19.0,82.0
19.0416666667,101.0
19.0833333333,103.0
19.125,172.0
19.1666666667,178.0
19.2083333333,173.0
19.25,176.0
19.2916666667,231.0
19.3333333333,227.0
19.375,238.0
19.4166666667,190.0
19.4583333333,197.0
19.5,164.0
19.5416666667,157.0
19.5833333333,115.0
19.625,67.0
19.6666666667,14.0
19.7083333333,11.0
19.75,5.0
19.7916666667,5.0
19.8333333333,5.0
19.875,15.0
19.9166666667,24.0
19.9583333333,48.0
20.0,52.0
20.0416666667,69.0
20.0833333333,98.0
20.125,90.0
20.1666666667,108.0
20.2083333333,145.0
20.25,131.0
20.2916666667,138.0
20.3333333333,154.0
20.375,162.0
20.4166666667,173.0
20.4583333333,108.0
20.5,192.0
20.5416666667,152.0
20.5833333333,156.0
20.625,69.0
20.6666666667,40.0
20.7083333333,19.0
20.75,8.0
20.7916666667,17.0
20.8333333333,3.0
20.875,nan
20.9166666667,27.0
20.9583333333,40.0
21.0,75.0
21.0416666667,76.0
21.0833333333,76.0
21.125,61.0
21.1666666667,90.0
21.2083333333,80.0
21.25,128.0
21.2916666667,133.0
21.3333333333,147.0
21.375,168.0
21.4166666667,204.0
21.4583333333,203.0
21.5,176.0
21.5416666667,168.0
21.5833333333,140.0
21.625,72.0
21.6666666667,29.0
21.7083333333,20.0
21.75,15.0
21.7916666667,10.0
21.8333333333,10.0
21.875,13.0
21.9166666667,44.0
21.9583333333,44.0
22.0,49.0
22.0416666667,78.0
22.0833333333,82.0
22.125,115.0
22.1666666667,79.0
22.2083333333,108.0
22.25,102.0
22.2916666667,140.0
22.3333333333,168.0
22.375,165.0
22.4166666667,172.0
22.4583333333,149.0
22.5,176.0
22.5416666667,186.0
22.5833333333,120.0
22.625,100.0
22.6666666667,20.0
22.7083333333,18.0
22.75,13.0
22.7916666667,5.0
22.8333333333,6.0
22.875,6.0
22.9166666667,21.0
22.9583333333,nan
23.0,41.0
23.0416666667,74.0
23.0833333333,92.0
23.125,106.0
23.1666666667,135.0
23.2083333333,98.0
23.25,128.0
23.2916666667,132.0
23.3333333333,166.0
23.375,152.0
23.4166666667,195.0
23.4583333333,228.0
23.5,173.0
23.5416666667,122.0
23.5833333333,129.0
23.625,71.0
23.6666666667,39.0
23.7083333333,19.0
23.75,11.0
23.7916666667,8.0
23.8333333333,11.0
23.875,13.0
23.9166666667,30.0
23.9583333333,53.0
24.0,74.0
24.0416666667,87.0
24.0833333333,84.0
24.125,106.0
24.1666666667,113.0
24.2083333333,139.0
24.25,117.0
24.2916666667,150.0
24.3333333333,234.0
24.375,260.0
24.4166666667,267.0
24.4583333333,265.0
24.5,267.0
24.5416666667,234.0
24.5833333333,229.0
24.625,137.0
24.6666666667,45.0
24.7083333333,22.0
24.75,24.0
24.7916666667,5.0
24.8333333333,4.0
24.875,12.0
24.9166666667,2.0
24.9583333333,nan
25.0,nan
25.0416666667,nan
25.0833333333,nan
25.125,nan
25.1666666667,5.0
25.2083333333,nan
25.25,158.0
25.2916666667,254.0
25.3333333333,308.0
25.375,331.0
25.4166666667,316.0
25.4583333333,287.0
25.5,342.0
25.5416666667,336.0
25.5833333333,294.0
25.625,192.0
25.6666666667,123.0
25.7083333333,60.0
25.75,35.0
25.7916666667,24.0
25.8333333333,12.0
25.875,38.0
25.9166666667,20.0
25.9583333333,59.0
26.0,65.0
26.0416666667,98.0
26.0833333333,162.0
26.125,126.0
26.1666666667,151.0
26.2083333333,140.0
26.25,182.0
26.2916666667,154.0
26.3333333333,219.0
26.375,228.0
26.4166666667,209.0
26.4583333333,176.0
26.5,164.0
26.5416666667,148.0
26.5833333333,110.0
26.625,56.0
26.6666666667,29.0
26.7083333333,14.0
26.75,9.0
26.7916666667,2.0
26.8333333333,4.0
26.875,11.0
26.9166666667,31.0
26.9583333333,28.0
27.0,45.0
27.0416666667,68.0
27.0833333333,95.0
27.125,110.0
27.1666666667,138.0
27.2083333333,121.0
27.25,153.0
27.2916666667,155.0
27.3333333333,151.0
27.375,171.0
27.4166666667,204.0
27.4583333333,200.0
27.5,160.0
27.5416666667,169.0
27.5833333333,146.0
27.625,92.0
27.6666666667,47.0
27.7083333333,19.0
27.75,16.0
27.7916666667,8.0
27.8333333333,9.0
27.875,17.0
27.9166666667,31.0
27.9583333333,31.0
28.0,62.0
28.0416666667,70.0
28.0833333333,119.0
28.125,115.0
28.1666666667,117.0
28.2083333333,102.0
28.25,107.0
28.2916666667,139.0
28.3333333333,160.0
28.375,135.0
28.4166666667,194.0
28.4583333333,177.0
28.5,169.0
28.5416666667,194.0
28.5833333333,154.0
28.625,83.0
28.6666666667,26.0
28.7083333333,20.0
28.75,11.0
28.7916666667,4.0
28.8333333333,14.0
28.875,13.0
28.9166666667,21.0
28.9583333333,57.0
29.0,71.0
29.0416666667,51.0
29.0833333333,83.0
29.125,108.0
29.1666666667,126.0
29.2083333333,135.0
29.25,145.0
29.2916666667,197.0
29.3333333333,184.0
29.375,229.0
29.4166666667,219.0
29.4583333333,194.0
29.5,192.0
29.5416666667,193.0
29.5833333333,150.0
29.625,54.0
29.6666666667,nan
29.7083333333,nan
29.75,nan
29.7916666667,nan
29.8333333333,nan
29.875,nan
29.9166666667,nan
29.9583333333,nan
30.0,nan
30.0416666667,nan
30.0833333333,nan
30.125,1.0
30.1666666667,nan
30.2083333333,nan
30.25,nan
30.2916666667,nan
30.3333333333,nan
30.375,1.0
30.4166666667,nan
30.4583333333,1.0
30.5,1.0
30.5416666667,34.0
30.5833333333,79.0
30.625,57.0
30.6666666667,50.0
30.7083333333,21.0
30.75,22.0
30.7916666667,12.0
30.8333333333,9.0
30.875,18.0
30.9166666667,22.0
30.9583333333,34.0
31.0,69.0
31.0416666667,112.0
31.0833333333,104.0
31.125,150.0
31.1666666667,141.0
31.2083333333,153.0
31.25,155.0
31.2916666667,197.0
31.3333333333,227.0
31.375,234.0
31.4166666667,219.0
31.4583333333,214.0
31.5,227.0
31.5416666667,222.0
31.5833333333,207.0
31.625,125.0
31.6666666667,67.0
31.7083333333,39.0
31.75,14.0
31.7916666667,11.0
31.8333333333,7.0
31.875,16.0
31.9166666667,30.0
31.9583333333,62.0
32.0,57.0
32.0416666667,7.0
