0.0,1.0
0.0416666666667,nan
0.0833333333333,nan
0.125,nan
0.166666666667,nan
0.208333333333,nan
0.25,nan
0.291666666667,32.0
0.333333333333,66.0
0.375,86.0
0.416666666667,105.0
0.458333333333,115.0
0.5,92.0
0.541666666667,102.0
0.583333333333,124.0
0.625,115.0
0.666666666667,122.0
0.708333333333,119.0
0.75,115.0
0.791666666667,111.0
0.833333333333,87.0
0.875,66.0
0.916666666667,57.0
0.958333333333,32.0
1.0,17.0
1.04166666667,10.0
1.08333333333,7.0
1.125,2.0
1.16666666667,9.0
1.20833333333,24.0
1.25,44.0
1.29166666667,76.0
1.33333333333,72.0
1.375,87.0
1.41666666667,105.0
1.45833333333,111.0
1.5,99.0
1.54166666667,128.0
1.58333333333,110.0
1.625,116.0
1.66666666667,122.0
1.70833333333,102.0
1.75,102.0
1.79166666667,92.0
1.83333333333,86.0
1.875,89.0
1.91666666667,54.0
1.95833333333,56.0
2.0,22.0
2.04166666667,20.0
2.08333333333,18.0
2.125,14.0
2.16666666667,24.0
2.20833333333,46.0
2.25,85.0
2.29166666667,131.0
2.33333333333,234.0
2.375,277.0
2.41666666667,180.0
2.45833333333,129.0
2.5,95.0
2.54166666667,77.0
2.58333333333,92.0
2.625,103.0
2.66666666667,102.0
2.70833333333,89.0
2.75,89.0
2.79166666667,76.0
2.83333333333,68.0
2.875,99.0
2.91666666667,64.0
2.95833333333,54.0
3.0,39.0
3.04166666667,31.0
3.08333333333,21.0
3.125,23.0
3.16666666667,20.0
3.20833333333,23.0
3.25,31.0
3.29166666667,47.0
3.33333333333,65.0
3.375,59.0
3.41666666667,73.0
3.45833333333,79.0
3.5,94.0
3.54166666667,95.0
3.58333333333,86.0
3.625,97.0
3.66666666667,92.0
3.70833333333,94.0
3.75,78.0
3.79166666667,90.0
3.83333333333,98.0
3.875,74.0
3.91666666667,58.0
3.95833333333,43.0
4.0,34.0
4.04166666667,17.0
4.08333333333,12.0
4.125,8.0
4.16666666667,4.0
4.20833333333,15.0
4.25,32.0
4.29166666667,50.0
4.33333333333,48.0
4.375,67.0
4.41666666667,83.0
4.45833333333,95.0
4.5,90.0
4.54166666667,106.0
4.58333333333,106.0
4.625,111.0
4.66666666667,112.0
4.70833333333,102.0
4.75,95.0
4.79166666667,95.0
4.83333333333,90.0
4.875,80.0
4.91666666667,59.0
4.95833333333,32.0
5.0,22.0
5.04166666667,13.0
5.08333333333,14.0
5.125,11.0
5.16666666667,12.0
5.20833333333,9.0
5.25,16.0
5.29166666667,43.0
5.33333333333,56.0
5.375,55.0
5.41666666667,65.0
5.45833333333,82.0
5.5,89.0
5.54166666667,77.0
5.58333333333,65.0
5.625,92.0
5.66666666667,87.0
5.70833333333,81.0
5.75,58.0
5.79166666667,67.0
5.83333333333,64.0
5.875,37.0
5.91666666667,27.0
5.95833333333,25.0
6.0,12.0
6.04166666667,3.0
6.08333333333,3.0
6.125,5.0
6.16666666667,12.0
6.20833333333,16.0
6.25,29.0
6.29166666667,63.0
6.33333333333,60.0
6.375,72.0
6.41666666667,60.0
6.45833333333,69.0
6.5,73.0
6.54166666667,92.0
6.58333333333,104.0
6.625,93.0
6.66666666667,87.0
6.70833333333,67.0
6.75,107.0
6.79166666667,102.0
6.83333333333,60.0
6.875,48.0
6.91666666667,47.0
6.95833333333,18.0
7.0,10.0
7.04166666667,9.0
7.08333333333,5.0
7.125,7.0
7.16666666667,12.0
7.20833333333,19.0
7.25,44.0
7.29166666667,49.0
7.33333333333,57.0
7.375,67.0
7.41666666667,84.0
7.45833333333,99.0
7.5,88.0
7.54166666667,87.0
7.58333333333,70.0
7.625,98.0
7.66666666667,103.0
7.70833333333,73.0
7.75,76.0
7.79166666667,71.0
7.83333333333,83.0
7.875,56.0
7.91666666667,47.0
7.95833333333,20.0
8.0,14.0
8.04166666667,5.0
8.08333333333,3.0
8.125,5.0
8.16666666667,9.0
8.20833333333,25.0
8.25,55.0
8.29166666667,71.0
8.33333333333,71.0
8.375,68.0
8.41666666667,86.0
8.45833333333,94.0
8.5,103.0
8.54166666667,91.0
8.58333333333,116.0
8.625,123.0
8.66666666667,130.0
8.70833333333,100.0
8.75,109.0
8.79166666667,87.0
8.83333333333,86.0
8.875,79.0
8.91666666667,53.0
8.95833333333,27.0
9.0,12.0
9.04166666667,11.0
9.08333333333,7.0
9.125,5.0
9.16666666667,9.0
9.20833333333,25.0
9.25,42.0
9.29166666667,73.0
9.33333333333,68.0
9.375,98.0
9.41666666667,106.0
9.45833333333,110.0
9.5,104.0
9.54166666667,87.0
9.58333333333,128.0
9.625,131.0
9.66666666667,162.0
9.70833333333,146.0
9.75,115.0
9.79166666667,122.0
9.83333333333,115.0
9.875,101.0
9.91666666667,69.0
9.95833333333,28.0
10.0,13.0
10.0416666667,10.0
10.0833333333,5.0
10.125,5.0
10.1666666667,9.0
10.2083333333,27.0
10.25,42.0
10.2916666667,78.0
10.3333333333,89.0
10.375,87.0
10.4166666667,106.0
10.4583333333,105.0
10.5,102.0
10.5416666667,134.0
10.5833333333,125.0
10.625,106.0
10.6666666667,123.0
10.7083333333,117.0
