0.0,1.0
0.0416666666667,nan
0.0833333333333,nan
0.125,nan
0.166666666667,nan
0.208333333333,nan
0.25,nan
0.291666666667,nan
0.333333333333,nan
0.375,nan
0.416666666667,nan
0.458333333333,nan
0.5,nan
0.541666666667,nan
0.583333333333,nan
0.625,nan
0.666666666667,nan
0.708333333333,nan
0.75,nan
0.791666666667,nan
0.833333333333,nan
0.875,nan
0.916666666667,nan
0.958333333333,nan
1.0,nan
1.04166666667,nan
1.08333333333,nan
1.125,nan
1.16666666667,nan
1.20833333333,nan
1.25,nan
1.29166666667,nan
1.33333333333,nan
1.375,nan
1.41666666667,nan
1.45833333333,nan
1.5,nan
1.54166666667,nan
1.58333333333,nan
1.625,nan
1.66666666667,nan
1.70833333333,nan
1.75,nan
1.79166666667,nan
1.83333333333,nan
1.875,nan
1.91666666667,nan
1.95833333333,nan
2.0,nan
2.04166666667,nan
2.08333333333,nan
2.125,nan
2.16666666667,nan
2.20833333333,nan
2.25,nan
2.29166666667,nan
2.33333333333,nan
2.375,nan
2.41666666667,nan
2.45833333333,nan
2.5,nan
2.54166666667,nan
2.58333333333,13.0
2.625,13.0
2.66666666667,31.0
2.70833333333,47.0
2.75,55.0
2.79166666667,46.0
2.83333333333,44.0
2.875,74.0
2.91666666667,43.0
2.95833333333,41.0
3.0,49.0
3.04166666667,30.0
3.08333333333,34.0
3.125,26.0
3.16666666667,21.0
3.20833333333,11.0
3.25,10.0
3.29166666667,4.0
3.33333333333,5.0
3.375,1.0
3.41666666667,1.0
3.45833333333,2.0
3.5,7.0
3.54166666667,12.0
3.58333333333,24.0
3.625,42.0
3.66666666667,30.0
3.70833333333,46.0
3.75,43.0
3.79166666667,43.0
3.83333333333,43.0
3.875,44.0
3.91666666667,41.0
3.95833333333,52.0
4.0,44.0
4.04166666667,39.0
4.08333333333,22.0
4.125,28.0
4.16666666667,27.0
4.20833333333,10.0
4.25,13.0
4.29166666667,6.0
4.33333333333,6.0
4.375,4.0
4.41666666667,2.0
4.45833333333,8.0
4.5,22.0
4.54166666667,32.0
4.58333333333,55.0
4.625,83.0
4.66666666667,111.0
4.70833333333,78.0
4.75,80.0
4.79166666667,38.0
4.83333333333,24.0
4.875,32.0
4.91666666667,36.0
4.95833333333,26.0
5.0,26.0
5.04166666667,31.0
5.08333333333,18.0
5.125,20.0
5.16666666667,23.0
5.20833333333,9.0
5.25,8.0
5.29166666667,6.0
5.33333333333,6.0
5.375,2.0
5.41666666667,5.0
5.45833333333,1.0
5.5,11.0
5.54166666667,10.0
5.58333333333,18.0
5.625,20.0
5.66666666667,20.0
5.70833333333,32.0
5.75,31.0
5.79166666667,37.0
5.83333333333,50.0
5.875,72.0
5.91666666667,59.0
5.95833333333,49.0
6.0,54.0
6.04166666667,37.0
6.08333333333,34.0
6.125,35.0
6.16666666667,22.0
6.20833333333,23.0
6.25,8.0
6.29166666667,13.0
6.33333333333,8.0
6.375,5.0
6.41666666667,1.0
6.45833333333,5.0
6.5,5.0
6.54166666667,9.0
6.58333333333,13.0
6.625,20.0
6.66666666667,31.0
6.70833333333,31.0
6.75,42.0
6.79166666667,56.0
6.83333333333,48.0
6.875,48.0
6.91666666667,35.0
6.95833333333,33.0
7.0,37.0
7.04166666667,34.0
7.08333333333,32.0
7.125,36.0
7.16666666667,25.0
7.20833333333,22.0
7.25,19.0
7.29166666667,10.0
7.33333333333,2.0
7.375,1.0
7.41666666667,4.0
7.45833333333,6.0
7.5,4.0
7.54166666667,7.0
7.58333333333,14.0
7.625,23.0
7.66666666667,17.0
7.70833333333,23.0
7.75,22.0
7.79166666667,30.0
7.83333333333,33.0
7.875,39.0
7.91666666667,44.0
7.95833333333,38.0
8.0,29.0
8.04166666667,28.0
8.08333333333,25.0
8.125,25.0
8.16666666667,10.0
8.20833333333,10.0
8.25,4.0
8.29166666667,3.0
8.33333333333,1.0
8.375,nan
8.41666666667,nan
8.45833333333,1.0
8.5,3.0
8.54166666667,9.0
8.58333333333,19.0
8.625,27.0
8.66666666667,26.0
8.70833333333,27.0
8.75,32.0
8.79166666667,41.0
8.83333333333,46.0
8.875,47.0
8.91666666667,43.0
8.95833333333,37.0
9.0,31.0
9.04166666667,34.0
9.08333333333,30.0
9.125,24.0
9.16666666667,14.0
9.20833333333,9.0
9.25,5.0
9.29166666667,2.0
9.33333333333,2.0
9.375,4.0
9.41666666667,4.0
9.45833333333,6.0
9.5,4.0
9.54166666667,18.0
9.58333333333,25.0
9.625,26.0
9.66666666667,41.0
9.70833333333,35.0
9.75,31.0
9.79166666667,32.0
9.83333333333,32.0
9.875,32.0
9.91666666667,40.0
9.95833333333,43.0
10.0,39.0
10.0416666667,42.0
10.0833333333,34.0
10.125,25.0
10.1666666667,22.0
10.2083333333,15.0
10.25,9.0
10.2916666667,4.0
10.3333333333,2.0
10.375,nan
10.4166666667,3.0
10.4583333333,6.0
10.5,5.0
10.5416666667,21.0
10.5833333333,24.0
10.625,25.0
10.6666666667,34.0
10.7083333333,35.0
10.75,44.0
10.7916666667,49.0
10.8333333333,48.0
10.875,48.0
10.9166666667,54.0
10.9583333333,44.0
11.0,51.0
11.0416666667,48.0
11.0833333333,46.0
11.125,38.0
11.1666666667,28.0
11.2083333333,15.0
11.25,3.0
11.2916666667,4.0
11.3333333333,2.0
11.375,2.0
11.4166666667,2.0
11.4583333333,4.0
11.5,4.0
11.5416666667,16.0
11.5833333333,31.0
11.625,19.0
11.6666666667,48.0
11.7083333333,33.0
11.75,50.0
11.7916666667,41.0
11.8333333333,46.0
11.875,55.0
11.9166666667,48.0
11.9583333333,67.0
12.0,66.0
12.0416666667,53.0
12.0833333333,33.0
12.125,36.0
12.1666666667,25.0
12.2083333333,15.0
12.25,11.0
12.2916666667,4.0
12.3333333333,2.0
12.375,3.0
12.4166666667,4.0
12.4583333333,3.0
12.5,9.0
12.5416666667,18.0
12.5833333333,35.0
12.625,41.0
12.6666666667,48.0
12.7083333333,52.0
12.75,54.0
12.7916666667,46.0
12.8333333333,55.0
12.875,49.0
12.9166666667,52.0
12.9583333333,62.0
13.0,63.0
13.0416666667,66.0
13.0833333333,54.0
13.125,37.0
13.1666666667,36.0
13.2083333333,24.0
13.25,23.0
13.2916666667,6.0
13.3333333333,3.0
13.375,1.0
13.4166666667,2.0
13.4583333333,1.0
13.5,3.0
13.5416666667,10.0
13.5833333333,16.0
13.625,21.0
13.6666666667,29.0
13.7083333333,55.0
13.75,44.0
13.7916666667,64.0
13.8333333333,65.0
13.875,65.0
13.9166666667,71.0
13.9583333333,86.0
