0.0,1.0
0.0416666666667,nan
0.0833333333333,nan
0.125,nan
0.166666666667,nan
0.208333333333,nan
0.25,nan
0.291666666667,nan
0.333333333333,nan
0.375,nan
0.416666666667,nan
0.458333333333,nan
0.5,nan
0.541666666667,nan
0.583333333333,nan
0.625,nan
0.666666666667,nan
0.708333333333,nan
0.75,nan
0.791666666667,nan
0.833333333333,nan
0.875,nan
0.916666666667,nan
0.958333333333,nan
1.0,nan
1.04166666667,nan
1.08333333333,nan
1.125,nan
1.16666666667,nan
1.20833333333,nan
1.25,nan
1.29166666667,nan
1.33333333333,nan
1.375,nan
1.41666666667,nan
1.45833333333,nan
1.5,nan
1.54166666667,nan
1.58333333333,nan
1.625,nan
1.66666666667,nan
1.70833333333,nan
1.75,nan
1.79166666667,nan
1.83333333333,nan
1.875,nan
1.91666666667,nan
1.95833333333,nan
2.0,nan
2.04166666667,nan
2.08333333333,nan
2.125,nan
2.16666666667,nan
2.20833333333,nan
2.25,nan
2.29166666667,nan
2.33333333333,nan
2.375,nan
2.41666666667,nan
2.45833333333,nan
2.5,nan
2.54166666667,nan
2.58333333333,22.0
2.625,56.0
2.66666666667,53.0
2.70833333333,73.0
2.75,84.0
2.79166666667,91.0
2.83333333333,73.0
2.875,75.0
2.91666666667,95.0
2.95833333333,108.0
3.0,97.0
3.04166666667,89.0
3.08333333333,94.0
3.125,106.0
3.16666666667,99.0
3.20833333333,69.0
3.25,36.0
3.29166666667,24.0
3.33333333333,10.0
3.375,5.0
3.41666666667,7.0
3.45833333333,6.0
3.5,14.0
3.54166666667,41.0
3.58333333333,42.0
3.625,50.0
3.66666666667,55.0
3.70833333333,78.0
3.75,87.0
3.79166666667,91.0
3.83333333333,87.0
3.875,84.0
3.91666666667,81.0
3.95833333333,81.0
4.0,85.0
4.04166666667,74.0
4.08333333333,62.0
4.125,77.0
4.16666666667,69.0
4.20833333333,38.0
4.25,38.0
4.29166666667,16.0
4.33333333333,11.0
4.375,5.0
4.41666666667,4.0
4.45833333333,8.0
4.5,10.0
4.54166666667,10.0
4.58333333333,23.0
4.625,37.0
4.66666666667,38.0
4.70833333333,54.0
4.75,40.0
4.79166666667,62.0
4.83333333333,55.0
4.875,73.0
4.91666666667,60.0
4.95833333333,52.0
5.0,55.0
5.04166666667,32.0
5.08333333333,43.0
5.125,32.0
5.16666666667,27.0
5.20833333333,26.0
5.25,20.0
5.29166666667,7.0
5.33333333333,7.0
5.375,4.0
5.41666666667,2.0
5.45833333333,3.0
5.5,8.0
5.54166666667,11.0
5.58333333333,13.0
5.625,18.0
5.66666666667,44.0
5.70833333333,52.0
5.75,59.0
5.79166666667,61.0
5.83333333333,102.0
5.875,84.0
5.91666666667,92.0
5.95833333333,76.0
6.0,67.0
6.04166666667,90.0
6.08333333333,66.0
6.125,61.0
6.16666666667,55.0
6.20833333333,45.0
6.25,42.0
6.29166666667,24.0
6.33333333333,11.0
6.375,9.0
6.41666666667,3.0
6.45833333333,2.0
6.5,5.0
6.54166666667,16.0
6.58333333333,29.0
6.625,40.0
6.66666666667,57.0
6.70833333333,56.0
6.75,73.0
6.79166666667,96.0
6.83333333333,75.0
6.875,99.0
6.91666666667,102.0
6.95833333333,88.0
7.0,89.0
7.04166666667,83.0
7.08333333333,109.0
7.125,103.0
7.16666666667,91.0
7.20833333333,41.0
7.25,35.0
7.29166666667,17.0
7.33333333333,16.0
7.375,14.0
7.41666666667,3.0
7.45833333333,3.0
7.5,8.0
7.54166666667,14.0
7.58333333333,18.0
7.625,30.0
7.66666666667,45.0
7.70833333333,54.0
7.75,66.0
7.79166666667,59.0
7.83333333333,73.0
7.875,89.0
7.91666666667,64.0
7.95833333333,65.0
8.0,61.0
8.04166666667,66.0
8.08333333333,54.0
8.125,36.0
8.16666666667,47.0
8.20833333333,25.0
8.25,14.0
8.29166666667,3.0
8.33333333333,3.0
8.375,nan
8.41666666667,3.0
8.45833333333,8.0
8.5,12.0
8.54166666667,20.0
8.58333333333,40.0
8.625,33.0
8.66666666667,57.0
8.70833333333,63.0
8.75,63.0
8.79166666667,71.0
8.83333333333,65.0
8.875,74.0
8.91666666667,69.0
8.95833333333,77.0
9.0,108.0
9.04166666667,88.0
9.08333333333,98.0
9.125,61.0
9.16666666667,47.0
9.20833333333,26.0
9.25,15.0
9.29166666667,5.0
9.33333333333,8.0
9.375,nan
9.41666666667,2.0
9.45833333333,3.0
9.5,8.0
9.54166666667,22.0
9.58333333333,37.0
9.625,42.0
9.66666666667,49.0
9.70833333333,50.0
9.75,57.0
9.79166666667,55.0
9.83333333333,65.0
9.875,51.0
9.91666666667,69.0
9.95833333333,71.0
10.0,78.0
10.0416666667,84.0
10.0833333333,97.0
10.125,79.0
10.1666666667,61.0
10.2083333333,38.0
10.25,23.0
10.2916666667,7.0
10.3333333333,4.0
10.375,2.0
10.4166666667,1.0
10.4583333333,1.0
10.5,13.0
10.5416666667,24.0
10.5833333333,58.0
10.625,51.0
10.6666666667,53.0
10.7083333333,76.0
10.75,78.0
10.7916666667,89.0
10.8333333333,90.0
10.875,71.0
10.9166666667,56.0
10.9583333333,101.0
11.0,110.0
11.0416666667,106.0
11.0833333333,122.0
11.125,97.0
11.1666666667,71.0
11.2083333333,55.0
11.25,29.0
11.2916666667,16.0
11.3333333333,8.0
11.375,5.0
11.4166666667,1.0
11.4583333333,3.0
11.5,10.0
11.5416666667,33.0
11.5833333333,53.0
11.625,53.0
11.6666666667,73.0
11.7083333333,73.0
11.75,72.0
11.7916666667,88.0
11.8333333333,101.0
11.875,113.0
11.9166666667,87.0
11.9583333333,105.0
12.0,113.0
12.0416666667,121.0
12.0833333333,94.0
12.125,99.0
12.1666666667,86.0
12.2083333333,69.0
12.25,30.0
12.2916666667,13.0
12.3333333333,8.0
12.375,4.0
12.4166666667,6.0
12.4583333333,3.0
12.5,23.0
12.5416666667,27.0
12.5833333333,53.0
12.625,54.0
12.6666666667,65.0
12.7083333333,70.0
12.75,87.0
12.7916666667,89.0
12.8333333333,104.0
12.875,118.0
12.9166666667,118.0
12.9583333333,111.0
13.0,131.0
13.0416666667,95.0
13.0833333333,119.0
13.125,115.0
13.1666666667,86.0
13.2083333333,84.0
13.25,60.0
13.2916666667,47.0
13.3333333333,24.0
13.375,16.0
13.4166666667,3.0
13.4583333333,2.0
13.5,6.0
13.5416666667,16.0
13.5833333333,28.0
13.625,51.0
13.6666666667,83.0
13.7083333333,85.0
13.75,100.0
13.7916666667,117.0
13.8333333333,99.0
13.875,115.0
13.9166666667,109.0
13.9583333333,140.0
