0.0,105.0
0.0416666666667,86.0
0.0833333333333,85.0
0.125,90.0
0.166666666667,69.0
0.208333333333,35.0
0.25,23.0
0.291666666667,13.0
0.333333333333,5.0
0.375,6.0
0.416666666667,10.0
0.458333333333,23.0
0.5,33.0
0.541666666667,61.0
0.583333333333,69.0
0.625,61.0
0.666666666667,74.0
0.708333333333,89.0
0.75,95.0
0.791666666667,94.0
0.833333333333,108.0
0.875,110.0
0.916666666667,87.0
0.958333333333,104.0
1.0,131.0
1.04166666667,100.0
1.08333333333,99.0
1.125,95.0
1.16666666667,76.0
1.20833333333,50.0
1.25,26.0
1.29166666667,14.0
1.33333333333,6.0
1.375,11.0
1.41666666667,11.0
1.45833333333,36.0
1.5,66.0
1.54166666667,106.0
1.58333333333,212.0
1.625,322.0
1.66666666667,332.0
1.70833333333,280.0
1.75,190.0
1.79166666667,136.0
1.83333333333,117.0
1.875,112.0
1.91666666667,108.0
1.95833333333,112.0
2.0,125.0
2.04166666667,115.0
2.08333333333,80.0
2.125,79.0
2.16666666667,69.0
2.20833333333,51.0
2.25,31.0
2.29166666667,23.0
2.33333333333,11.0
2.375,8.0
2.41666666667,8.0
2.45833333333,17.0
2.5,23.0
2.54166666667,46.0
2.58333333333,46.0
2.625,47.0
2.66666666667,62.0
2.70833333333,86.0
2.75,91.0
2.79166666667,91.0
2.83333333333,101.0
2.875,104.0
2.91666666667,130.0
2.95833333333,128.0
3.0,116.0
3.04166666667,94.0
3.08333333333,112.0
3.125,99.0
3.16666666667,91.0
3.20833333333,57.0
3.25,32.0
3.29166666667,26.0
3.33333333333,18.0
3.375,3.0
3.41666666667,9.0
3.45833333333,5.0
3.5,11.0
3.54166666667,33.0
3.58333333333,39.0
3.625,45.0
3.66666666667,73.0
3.70833333333,70.0
3.75,109.0
3.79166666667,73.0
3.83333333333,105.0
3.875,104.0
3.91666666667,127.0
3.95833333333,112.0
4.0,113.0
4.04166666667,104.0
4.08333333333,95.0
4.125,87.0
4.16666666667,84.0
4.20833333333,67.0
4.25,24.0
4.29166666667,17.0
4.33333333333,15.0
4.375,13.0
4.41666666667,5.0
4.45833333333,7.0
4.5,9.0
4.54166666667,30.0
4.58333333333,27.0
4.625,45.0
4.66666666667,49.0
4.70833333333,52.0
4.75,73.0
4.79166666667,79.0
4.83333333333,58.0
4.875,71.0
4.91666666667,78.0
4.95833333333,107.0
5.0,68.0
5.04166666667,80.0
5.08333333333,73.0
5.125,61.0
5.16666666667,56.0
5.20833333333,25.0
5.25,14.0
5.29166666667,4.0
5.33333333333,4.0
5.375,8.0
5.41666666667,1.0
5.45833333333,10.0
5.5,18.0
5.54166666667,29.0
5.58333333333,43.0
5.625,41.0
5.66666666667,42.0
5.70833333333,44.0
5.75,48.0
5.79166666667,54.0
5.83333333333,63.0
5.875,73.0
5.91666666667,85.0
5.95833333333,85.0
6.0,96.0
6.04166666667,72.0
6.08333333333,56.0
6.125,66.0
6.16666666667,40.0
6.20833333333,30.0
6.25,23.0
6.29166666667,12.0
6.33333333333,nan
6.375,6.0
6.41666666667,1.0
6.45833333333,5.0
6.5,20.0
6.54166666667,32.0
6.58333333333,33.0
6.625,53.0
6.66666666667,55.0
6.70833333333,47.0
6.75,66.0
6.79166666667,67.0
6.83333333333,54.0
6.875,69.0
6.91666666667,62.0
6.95833333333,78.0
7.0,80.0
7.04166666667,79.0
7.08333333333,89.0
7.125,77.0
7.16666666667,55.0
7.20833333333,35.0
7.25,13.0
7.29166666667,11.0
7.33333333333,9.0
7.375,5.0
7.41666666667,4.0
7.45833333333,7.0
7.5,25.0
7.54166666667,27.0
7.58333333333,40.0
7.625,45.0
7.66666666667,43.0
7.70833333333,80.0
7.75,75.0
7.79166666667,92.0
7.83333333333,119.0
7.875,130.0
7.91666666667,194.0
7.95833333333,230.0
8.0,319.0
8.04166666667,313.0
8.08333333333,313.0
8.125,290.0
8.16666666667,211.0
8.20833333333,84.0
8.25,61.0
8.29166666667,16.0
8.33333333333,9.0
8.375,10.0
8.41666666667,11.0
8.45833333333,23.0
8.5,39.0
8.54166666667,46.0
8.58333333333,80.0
8.625,85.0
8.66666666667,89.0
8.70833333333,86.0
8.75,109.0
8.79166666667,117.0
8.83333333333,86.0
8.875,145.0
8.91666666667,175.0
8.95833333333,194.0
9.0,173.0
9.04166666667,155.0
9.08333333333,196.0
9.125,176.0
9.16666666667,143.0
9.20833333333,105.0
9.25,49.0
9.29166666667,12.0
9.33333333333,14.0
9.375,6.0
9.41666666667,7.0
9.45833333333,19.0
9.5,33.0
9.54166666667,59.0
9.58333333333,73.0
9.625,76.0
9.66666666667,87.0
9.70833333333,88.0
9.75,79.0
9.79166666667,116.0
9.83333333333,122.0
9.875,159.0
9.91666666667,171.0
9.95833333333,176.0
10.0,195.0
10.0416666667,172.0
10.0833333333,199.0
10.125,180.0
10.1666666667,158.0
10.2083333333,96.0
10.25,60.0
10.2916666667,31.0
10.3333333333,20.0
10.375,7.0
10.4166666667,4.0
10.4583333333,13.0
10.5,15.0
10.5416666667,35.0
10.5833333333,46.0
10.625,72.0
10.6666666667,90.0
10.7083333333,97.0
10.75,131.0
10.7916666667,168.0
10.8333333333,162.0
10.875,205.0
10.9166666667,283.0
10.9583333333,271.0
11.0,285.0
11.0416666667,281.0
11.0833333333,256.0
11.125,266.0
11.1666666667,215.0
11.2083333333,146.0
11.25,78.0
11.2916666667,42.0
11.3333333333,29.0
11.375,12.0
11.4166666667,6.0
11.4583333333,18.0
11.5,27.0
11.5416666667,39.0
11.5833333333,70.0
11.625,81.0
11.6666666667,98.0
11.7083333333,103.0
11.75,122.0
11.7916666667,138.0
11.8333333333,138.0
11.875,190.0
11.9166666667,214.0
11.9583333333,222.0
12.0,214.0
12.0416666667,206.0
12.0833333333,157.0
12.125,141.0
12.1666666667,98.0
12.2083333333,61.0
12.25,34.0
12.2916666667,21.0
12.3333333333,12.0
12.375,6.0
12.4166666667,7.0
12.4583333333,14.0
12.5,30.0
12.5416666667,38.0
12.5833333333,72.0
12.625,76.0
12.6666666667,62.0
12.7083333333,64.0
12.75,94.0
12.7916666667,84.0
12.8333333333,117.0
12.875,133.0
12.9166666667,127.0
12.9583333333,170.0
13.0,164.0
13.0416666667,135.0
13.0833333333,134.0
13.125,121.0
13.1666666667,97.0
13.2083333333,61.0
13.25,29.0
13.2916666667,23.0
13.3333333333,13.0
13.375,5.0
13.4166666667,10.0
13.4583333333,11.0
13.5,25.0
13.5416666667,38.0
13.5833333333,41.0
