0.0,1.0
0.0416666666667,nan
0.0833333333333,nan
0.125,nan
0.166666666667,nan
0.208333333333,nan
0.25,nan
0.291666666667,nan
0.333333333333,nan
0.375,nan
0.416666666667,nan
0.458333333333,nan
0.5,nan
0.541666666667,nan
0.583333333333,6.0
0.625,16.0
0.666666666667,18.0
0.708333333333,17.0
0.75,20.0
0.791666666667,21.0
0.833333333333,28.0
0.875,18.0
0.916666666667,14.0
0.958333333333,21.0
1.0,23.0
1.04166666667,21.0
1.08333333333,46.0
1.125,40.0
1.16666666667,30.0
1.20833333333,35.0
1.25,16.0
1.29166666667,5.0
1.33333333333,3.0
1.375,1.0
1.41666666667,1.0
1.45833333333,1.0
1.5,7.0
1.54166666667,10.0
1.58333333333,13.0
1.625,11.0
1.66666666667,16.0
1.70833333333,30.0
1.75,28.0
1.79166666667,21.0
1.83333333333,37.0
1.875,27.0
1.91666666667,30.0
1.95833333333,17.0
2.0,14.0
2.04166666667,18.0
2.08333333333,26.0
2.125,23.0
2.16666666667,46.0
2.20833333333,29.0
2.25,17.0
2.29166666667,9.0
2.33333333333,3.0
2.375,3.0
2.41666666667,2.0
2.45833333333,2.0
2.5,3.0
2.54166666667,11.0
2.58333333333,15.0
2.625,18.0
2.66666666667,17.0
2.70833333333,19.0
2.75,31.0
2.79166666667,29.0
2.83333333333,29.0
2.875,29.0
2.91666666667,36.0
2.95833333333,44.0
3.0,29.0
3.04166666667,31.0
3.08333333333,28.0
3.125,28.0
3.16666666667,26.0
3.20833333333,9.0
3.25,11.0
3.29166666667,4.0
3.33333333333,5.0
3.375,4.0
3.41666666667,1.0
3.45833333333,3.0
3.5,2.0
3.54166666667,4.0
3.58333333333,10.0
3.625,10.0
3.66666666667,23.0
3.70833333333,22.0
3.75,37.0
3.79166666667,29.0
3.83333333333,38.0
3.875,42.0
3.91666666667,30.0
3.95833333333,32.0
4.0,40.0
4.04166666667,82.0
4.08333333333,71.0
4.125,64.0
4.16666666667,47.0
4.20833333333,55.0
4.25,17.0
4.29166666667,9.0
4.33333333333,6.0
4.375,3.0
4.41666666667,1.0
4.45833333333,1.0
4.5,2.0
4.54166666667,8.0
4.58333333333,13.0
4.625,22.0
4.66666666667,33.0
4.70833333333,33.0
4.75,32.0
4.79166666667,33.0
4.83333333333,44.0
4.875,52.0
4.91666666667,45.0
4.95833333333,50.0
5.0,61.0
5.04166666667,71.0
5.08333333333,74.0
5.125,69.0
5.16666666667,75.0
5.20833333333,57.0
5.25,31.0
5.29166666667,19.0
5.33333333333,8.0
5.375,3.0
5.41666666667,2.0
5.45833333333,5.0
5.5,4.0
5.54166666667,8.0
5.58333333333,13.0
5.625,25.0
5.66666666667,22.0
5.70833333333,21.0
5.75,45.0
5.79166666667,46.0
5.83333333333,49.0
5.875,45.0
5.91666666667,37.0
5.95833333333,43.0
6.0,38.0
6.04166666667,32.0
6.08333333333,29.0
6.125,35.0
6.16666666667,10.0
6.20833333333,20.0
6.25,18.0
6.29166666667,7.0
6.33333333333,nan
6.375,nan
6.41666666667,1.0
6.45833333333,2.0
6.5,4.0
6.54166666667,12.0
6.58333333333,6.0
6.625,12.0
6.66666666667,8.0
6.70833333333,18.0
6.75,6.0
6.79166666667,10.0
6.83333333333,27.0
6.875,22.0
6.91666666667,16.0
6.95833333333,11.0
7.0,15.0
7.04166666667,27.0
7.08333333333,32.0
7.125,27.0
7.16666666667,23.0
7.20833333333,20.0
7.25,9.0
7.29166666667,4.0
7.33333333333,4.0
7.375,3.0
7.41666666667,1.0
7.45833333333,2.0
7.5,5.0
7.54166666667,5.0
7.58333333333,9.0
7.625,12.0
7.66666666667,9.0
7.70833333333,16.0
7.75,8.0
7.79166666667,17.0
7.83333333333,14.0
7.875,16.0
7.91666666667,16.0
7.95833333333,18.0
8.0,14.0
8.04166666667,24.0
8.08333333333,43.0
8.125,27.0
8.16666666667,26.0
8.20833333333,24.0
8.25,8.0
8.29166666667,2.0
8.33333333333,2.0
8.375,nan
8.41666666667,1.0
8.45833333333,nan
8.5,9.0
8.54166666667,6.0
8.58333333333,15.0
8.625,19.0
8.66666666667,15.0
8.70833333333,18.0
8.75,12.0
8.79166666667,17.0
8.83333333333,17.0
8.875,18.0
8.91666666667,14.0
8.95833333333,26.0
9.0,19.0
9.04166666667,32.0
9.08333333333,57.0
9.125,37.0
9.16666666667,42.0
9.20833333333,22.0
9.25,14.0
9.29166666667,5.0
9.33333333333,4.0
9.375,1.0
9.41666666667,2.0
9.45833333333,nan
9.5,3.0
9.54166666667,10.0
9.58333333333,15.0
9.625,13.0
9.66666666667,16.0
9.70833333333,23.0
9.75,29.0
9.79166666667,25.0
9.83333333333,20.0
9.875,24.0
9.91666666667,21.0
9.95833333333,31.0
10.0,24.0
10.0416666667,46.0
10.0833333333,38.0
10.125,39.0
10.1666666667,37.0
10.2083333333,30.0
10.25,6.0
10.2916666667,5.0
10.3333333333,5.0
10.375,1.0
10.4166666667,1.0
10.4583333333,4.0
10.5,8.0
10.5416666667,15.0
10.5833333333,17.0
10.625,15.0
10.6666666667,11.0
10.7083333333,17.0
10.75,14.0
10.7916666667,27.0
10.8333333333,24.0
10.875,25.0
10.9166666667,33.0
10.9583333333,38.0
11.0,40.0
11.0416666667,56.0
11.0833333333,62.0
11.125,79.0
11.1666666667,78.0
11.2083333333,77.0
11.25,64.0
11.2916666667,51.0
11.3333333333,32.0
11.375,6.0
11.4166666667,3.0
11.4583333333,3.0
11.5,1.0
11.5416666667,20.0
11.5833333333,16.0
11.625,31.0
11.6666666667,39.0
11.7083333333,46.0
11.75,63.0
11.7916666667,52.0
11.8333333333,54.0
11.875,57.0
11.9166666667,53.0
11.9583333333,63.0
12.0,73.0
12.0416666667,78.0
12.0833333333,102.0
12.125,116.0
12.1666666667,108.0
12.2083333333,88.0
12.25,57.0
12.2916666667,34.0
12.3333333333,21.0
12.375,5.0
12.4166666667,2.0
12.4583333333,3.0
12.5,5.0
12.5416666667,12.0
12.5833333333,16.0
12.625,20.0
12.6666666667,34.0
12.7083333333,42.0
12.75,52.0
12.7916666667,67.0
12.8333333333,83.0
12.875,66.0
12.9166666667,43.0
12.9583333333,51.0
13.0,56.0
13.0416666667,50.0
13.0833333333,76.0
13.125,56.0
13.1666666667,39.0
13.2083333333,18.0
13.25,11.0
13.2916666667,3.0
13.3333333333,3.0
13.375,nan
13.4166666667,1.0
13.4583333333,1.0
13.5,3.0
13.5416666667,18.0
13.5833333333,20.0
13.625,12.0
13.6666666667,23.0
13.7083333333,23.0
13.75,18.0
13.7916666667,30.0
13.8333333333,21.0
13.875,20.0
13.9166666667,22.0
13.9583333333,28.0
