0.0,7.0
0.0416666666667,13.0
0.0833333333333,15.0
0.125,13.0
0.166666666667,25.0
0.208333333333,35.0
0.25,17.0
0.291666666667,30.0
0.333333333333,39.0
0.375,39.0
0.416666666667,35.0
0.458333333333,25.0
0.5,39.0
0.541666666667,40.0
0.583333333333,47.0
0.625,28.0
0.666666666667,8.0
0.708333333333,12.0
0.75,3.0
0.791666666667,7.0
0.833333333333,2.0
0.875,5.0
0.916666666667,8.0
0.958333333333,10.0
1.0,23.0
1.04166666667,13.0
1.08333333333,22.0
1.125,20.0
1.16666666667,34.0
1.20833333333,19.0
1.25,21.0
1.29166666667,19.0
1.33333333333,29.0
1.375,40.0
1.41666666667,30.0
1.45833333333,34.0
1.5,42.0
1.54166666667,51.0
1.58333333333,63.0
1.625,35.0
1.66666666667,44.0
1.70833333333,23.0
1.75,37.0
1.79166666667,19.0
1.83333333333,13.0
1.875,19.0
1.91666666667,6.0
1.95833333333,9.0
2.0,8.0
2.04166666667,28.0
2.08333333333,46.0
2.125,66.0
2.16666666667,32.0
2.20833333333,29.0
2.25,37.0
2.29166666667,46.0
2.33333333333,47.0
2.375,36.0
2.41666666667,45.0
2.45833333333,36.0
2.5,29.0
2.54166666667,26.0
2.58333333333,25.0
2.625,14.0
2.66666666667,10.0
2.70833333333,5.0
2.75,1.0
2.79166666667,1.0
2.83333333333,7.0
2.875,3.0
2.91666666667,3.0
2.95833333333,5.0
3.0,11.0
3.04166666667,15.0
3.08333333333,15.0
3.125,13.0
3.16666666667,38.0
3.20833333333,16.0
3.25,34.0
3.29166666667,33.0
3.33333333333,44.0
3.375,43.0
3.41666666667,57.0
3.45833333333,41.0
3.5,38.0
3.54166666667,38.0
3.58333333333,35.0
3.625,25.0
3.66666666667,19.0
3.70833333333,15.0
3.75,10.0
3.79166666667,5.0
3.83333333333,2.0
3.875,2.0
3.91666666667,2.0
3.95833333333,7.0
4.0,16.0
4.04166666667,25.0
4.08333333333,18.0
4.125,24.0
4.16666666667,53.0
4.20833333333,22.0
4.25,40.0
4.29166666667,44.0
4.33333333333,46.0
4.375,35.0
4.41666666667,71.0
4.45833333333,39.0
4.5,46.0
4.54166666667,61.0
4.58333333333,50.0
4.625,54.0
4.66666666667,45.0
4.70833333333,38.0
4.75,29.0
4.79166666667,15.0
4.83333333333,19.0
4.875,4.0
4.91666666667,3.0
4.95833333333,6.0
5.0,22.0
5.04166666667,25.0
5.08333333333,24.0
5.125,38.0
5.16666666667,56.0
5.20833333333,33.0
5.25,30.0
5.29166666667,28.0
5.33333333333,47.0
5.375,27.0
5.41666666667,32.0
5.45833333333,32.0
5.5,41.0
5.54166666667,24.0
5.58333333333,24.0
5.625,11.0
5.66666666667,8.0
5.70833333333,8.0
5.75,5.0
5.79166666667,nan
5.83333333333,nan
5.875,2.0
5.91666666667,5.0
5.95833333333,6.0
6.0,16.0
6.04166666667,17.0
6.08333333333,13.0
6.125,15.0
6.16666666667,15.0
6.20833333333,32.0
6.25,15.0
6.29166666667,20.0
6.33333333333,28.0
6.375,25.0
6.41666666667,22.0
6.45833333333,17.0
6.5,25.0
6.54166666667,31.0
6.58333333333,18.0
6.625,15.0
6.66666666667,14.0
6.70833333333,10.0
6.75,2.0
6.79166666667,1.0
6.83333333333,4.0
6.875,1.0
6.91666666667,4.0
6.95833333333,7.0
7.0,8.0
7.04166666667,18.0
7.08333333333,18.0
7.125,15.0
7.16666666667,13.0
7.20833333333,21.0
7.25,17.0
7.29166666667,19.0
7.33333333333,21.0
7.375,25.0
7.41666666667,26.0
7.45833333333,36.0
7.5,34.0
7.54166666667,38.0
7.58333333333,20.0
7.625,22.0
7.66666666667,14.0
7.70833333333,7.0
7.75,2.0
7.79166666667,3.0
7.83333333333,7.0
7.875,nan
7.91666666667,8.0
7.95833333333,11.0
8.0,14.0
8.04166666667,9.0
8.08333333333,15.0
8.125,20.0
8.16666666667,14.0
8.20833333333,17.0
8.25,16.0
8.29166666667,23.0
8.33333333333,18.0
8.375,26.0
8.41666666667,42.0
8.45833333333,29.0
8.5,35.0
8.54166666667,40.0
8.58333333333,27.0
8.625,27.0
8.66666666667,8.0
8.70833333333,3.0
8.75,6.0
8.79166666667,2.0
8.83333333333,nan
8.875,1.0
8.91666666667,5.0
8.95833333333,7.0
9.0,18.0
9.04166666667,18.0
9.08333333333,21.0
9.125,23.0
9.16666666667,21.0
9.20833333333,34.0
9.25,24.0
9.29166666667,32.0
9.33333333333,27.0
9.375,54.0
9.41666666667,35.0
9.45833333333,47.0
9.5,53.0
9.54166666667,30.0
9.58333333333,31.0
9.625,38.0
9.66666666667,12.0
9.70833333333,11.0
9.75,5.0
9.79166666667,2.0
9.83333333333,1.0
9.875,1.0
9.91666666667,8.0
9.95833333333,13.0
10.0,20.0
10.0416666667,17.0
10.0833333333,15.0
10.125,16.0
10.1666666667,25.0
10.2083333333,24.0
10.25,30.0
10.2916666667,27.0
10.3333333333,28.0
10.375,40.0
10.4166666667,45.0
10.4583333333,38.0
10.5,65.0
10.5416666667,80.0
10.5833333333,82.0
10.625,79.0
10.6666666667,51.0
10.7083333333,27.0
10.75,23.0
10.7916666667,11.0
10.8333333333,11.0
10.875,1.0
10.9166666667,2.0
10.9583333333,2.0
11.0,13.0
11.0416666667,19.0
11.0833333333,26.0
11.125,21.0
11.1666666667,36.0
11.2083333333,41.0
11.25,41.0
11.2916666667,33.0
11.3333333333,51.0
11.375,60.0
11.4166666667,61.0
11.4583333333,63.0
11.5,71.0
11.5416666667,86.0
11.5833333333,86.0
11.625,61.0
11.6666666667,41.0
11.7083333333,35.0
11.75,13.0
11.7916666667,5.0
11.8333333333,5.0
11.875,7.0
11.9166666667,8.0
11.9583333333,9.0
12.0,8.0
12.0416666667,15.0
12.0833333333,18.0
12.125,34.0
12.1666666667,50.0
12.2083333333,30.0
12.25,44.0
12.2916666667,33.0
12.3333333333,35.0
12.375,45.0
12.4166666667,37.0
12.4583333333,50.0
12.5,43.0
12.5416666667,42.0
12.5833333333,28.0
12.625,21.0
12.6666666667,7.0
12.7083333333,7.0
12.75,6.0
12.7916666667,6.0
12.8333333333,3.0
12.875,6.0
12.9166666667,5.0
12.9583333333,6.0
13.0,10.0
13.0416666667,15.0
13.0833333333,20.0
13.125,22.0
13.1666666667,22.0
13.2083333333,17.0
13.25,22.0
13.2916666667,26.0
13.3333333333,22.0
13.375,29.0
13.4166666667,43.0
13.4583333333,39.0
13.5,34.0
13.5416666667,35.0
13.5833333333,32.0
13.625,18.0
13.6666666667,21.0
13.7083333333,7.0
13.75,1.0
13.7916666667,1.0
13.8333333333,nan
13.875,2.0
13.9166666667,5.0
13.9583333333,7.0
14.0,12.0
14.0416666667,nan
14.0833333333,nan
14.125,nan
14.1666666667,nan
14.2083333333,nan
14.25,nan
14.2916666667,nan
14.3333333333,nan
14.375,nan
14.4166666667,nan
14.4583333333,nan
14.5,nan
14.5416666667,nan
14.5833333333,nan
14.625,19.0
14.6666666667,11.0
14.7083333333,7.0
14.75,3.0
14.7916666667,2.0
14.8333333333,2.0
14.875,1.0
14.9166666667,9.0
14.9583333333,5.0
15.0,18.0
15.0416666667,12.0
15.0833333333,10.0
15.125,26.0
15.1666666667,20.0
15.2083333333,14.0
15.25,15.0
15.2916666667,22.0
15.3333333333,30.0
15.375,25.0
15.4166666667,43.0
15.4583333333,44.0
15.5,43.0
15.5416666667,27.0
15.5833333333,20.0
15.625,27.0
15.6666666667,12.0
15.7083333333,9.0
15.75,2.0
15.7916666667,7.0
15.8333333333,2.0
15.875,2.0
15.9166666667,nan
15.9583333333,12.0
16.0,15.0
16.0416666667,13.0
16.0833333333,25.0
16.125,32.0
16.1666666667,35.0
16.2083333333,18.0
16.25,24.0
16.2916666667,35.0
16.3333333333,34.0
16.375,31.0
16.4166666667,34.0
16.4583333333,40.0
16.5,49.0
16.5416666667,41.0
16.5833333333,45.0
16.625,38.0
16.6666666667,15.0
16.7083333333,8.0
16.75,4.0
16.7916666667,nan
16.8333333333,nan
16.875,1.0
16.9166666667,7.0
16.9583333333,11.0
17.0,18.0
17.0416666667,11.0
17.0833333333,12.0
17.125,17.0
17.1666666667,6.0
17.2083333333,17.0
17.25,12.0
17.2916666667,13.0
17.3333333333,8.0
17.375,8.0
17.4166666667,45.0
17.4583333333,36.0
17.5,65.0
17.5416666667,50.0
17.5833333333,51.0
17.625,62.0
17.6666666667,29.0
17.7083333333,8.0
17.75,7.0
17.7916666667,2.0
17.8333333333,4.0
17.875,1.0
17.9166666667,4.0
17.9583333333,5.0
18.0,15.0
18.0416666667,10.0
18.0833333333,29.0
18.125,45.0
18.1666666667,29.0
18.2083333333,38.0
18.25,25.0
18.2916666667,33.0
18.3333333333,33.0
18.375,49.0
18.4166666667,102.0
18.4583333333,93.0
18.5,148.0
18.5416666667,114.0
18.5833333333,93.0
18.625,72.0
18.6666666667,30.0
18.7083333333,20.0
18.75,18.0
18.7916666667,9.0
18.8333333333,3.0
18.875,2.0
18.9166666667,3.0
18.9583333333,11.0
19.0,26.0
19.0416666667,12.0
19.0833333333,33.0
19.125,29.0
19.1666666667,41.0
19.2083333333,50.0
19.25,3.0
19.2916666667,44.0
19.3333333333,44.0
19.375,40.0
19.4166666667,47.0
19.4583333333,41.0
19.5,17.0
19.5416666667,31.0
19.5833333333,26.0
19.625,21.0
19.6666666667,13.0
19.7083333333,7.0
19.75,4.0
19.7916666667,nan
19.8333333333,1.0
19.875,4.0
19.9166666667,4.0
19.9583333333,5.0
20.0,15.0
20.0416666667,15.0
20.0833333333,11.0
20.125,17.0
20.1666666667,26.0
20.2083333333,23.0
20.25,20.0
20.2916666667,26.0
20.3333333333,14.0
20.375,31.0
20.4166666667,45.0
20.4583333333,32.0
20.5,44.0
20.5416666667,24.0
20.5833333333,22.0
20.625,19.0
20.6666666667,12.0
20.7083333333,4.0
20.75,5.0
20.7916666667,3.0
20.8333333333,nan
20.875,nan
20.9166666667,9.0
20.9583333333,8.0
21.0,11.0
21.0416666667,25.0
21.0833333333,16.0
21.125,12.0
21.1666666667,14.0
21.2083333333,5.0
21.25,20.0
21.2916666667,20.0
21.3333333333,27.0
21.375,30.0
21.4166666667,52.0
21.4583333333,51.0
21.5,37.0
21.5416666667,38.0
21.5833333333,24.0
21.625,28.0
21.6666666667,27.0
21.7083333333,5.0
21.75,3.0
21.7916666667,6.0
21.8333333333,nan
21.875,3.0
21.9166666667,17.0
21.9583333333,13.0
22.0,16.0
22.0416666667,8.0
22.0833333333,19.0
22.125,18.0
22.1666666667,18.0
22.2083333333,25.0
22.25,22.0
22.2916666667,19.0
22.3333333333,28.0
22.375,32.0
22.4166666667,34.0
22.4583333333,34.0
22.5,49.0
22.5416666667,52.0
22.5833333333,39.0
22.625,13.0
22.6666666667,16.0
22.7083333333,11.0
22.75,4.0
22.7916666667,2.0
22.8333333333,4.0
22.875,nan
22.9166666667,2.0
22.9583333333,6.0
23.0,15.0
23.0416666667,21.0
23.0833333333,18.0
23.125,20.0
23.1666666667,22.0
23.2083333333,23.0
23.25,22.0
23.2916666667,19.0
23.3333333333,37.0
23.375,12.0
23.4166666667,14.0
23.4583333333,41.0
23.5,51.0
23.5416666667,46.0
23.5833333333,45.0
23.625,36.0
23.6666666667,19.0
23.7083333333,8.0
23.75,6.0
23.7916666667,2.0
23.8333333333,2.0
23.875,7.0
23.9166666667,11.0
23.9583333333,14.0
24.0,16.0
24.0416666667,18.0
24.0833333333,23.0
24.125,32.0
24.1666666667,26.0
24.2083333333,31.0
24.25,33.0
24.2916666667,40.0
24.3333333333,12.0
24.375,nan
24.4166666667,nan
24.4583333333,64.0
24.5,70.0
24.5416666667,79.0
24.5833333333,74.0
24.625,50.0
24.6666666667,30.0
24.7083333333,21.0
24.75,7.0
24.7916666667,3.0
24.8333333333,3.0
24.875,nan
24.9166666667,nan
24.9583333333,nan
25.0,nan
25.0416666667,nan
25.0833333333,nan
25.125,nan
25.1666666667,5.0
25.2083333333,nan
25.25,49.0
25.2916666667,50.0
25.3333333333,59.0
25.375,55.0
25.4166666667,77.0
25.4583333333,59.0
25.5,72.0
25.5416666667,71.0
25.5833333333,50.0
25.625,45.0
25.6666666667,34.0
25.7083333333,21.0
25.75,9.0
25.7916666667,4.0
25.8333333333,3.0
25.875,2.0
25.9166666667,1.0
25.9583333333,2.0
26.0,11.0
26.0416666667,27.0
26.0833333333,17.0
26.125,27.0
26.1666666667,44.0
26.2083333333,34.0
26.25,50.0
26.2916666667,43.0
26.3333333333,45.0
26.375,58.0
26.4166666667,33.0
26.4583333333,37.0
26.5,44.0
26.5416666667,34.0
26.5833333333,28.0
26.625,13.0
26.6666666667,18.0
26.7083333333,11.0
26.75,1.0
26.7916666667,nan
26.8333333333,nan
26.875,2.0
26.9166666667,4.0
26.9583333333,7.0
27.0,11.0
27.0416666667,9.0
27.0833333333,19.0
27.125,26.0
27.1666666667,16.0
27.2083333333,25.0
27.25,15.0
27.2916666667,30.0
27.3333333333,17.0
27.375,30.0
27.4166666667,31.0
27.4583333333,43.0
27.5,35.0
27.5416666667,25.0
27.5833333333,40.0
27.625,25.0
27.6666666667,10.0
27.7083333333,2.0
27.75,5.0
27.7916666667,nan
27.8333333333,1.0
27.875,nan
27.9166666667,2.0
27.9583333333,10.0
28.0,12.0
28.0416666667,14.0
28.0833333333,22.0
28.125,35.0
28.1666666667,28.0
28.2083333333,20.0
28.25,26.0
28.2916666667,28.0
28.3333333333,27.0
28.375,34.0
28.4166666667,39.0
28.4583333333,61.0
28.5,42.0
28.5416666667,43.0
28.5833333333,29.0
28.625,19.0
28.6666666667,12.0
28.7083333333,3.0
28.75,1.0
28.7916666667,nan
28.8333333333,1.0
28.875,2.0
28.9166666667,5.0
28.9583333333,15.0
29.0,13.0
29.0416666667,15.0
29.0833333333,15.0
29.125,16.0
29.1666666667,21.0
29.2083333333,20.0
29.25,22.0
29.2916666667,28.0
29.3333333333,26.0
29.375,31.0
29.4166666667,31.0
29.4583333333,49.0
29.5,51.0
29.5416666667,44.0
29.5833333333,42.0
29.625,8.0
29.6666666667,nan
29.7083333333,nan
29.75,nan
29.7916666667,nan
29.8333333333,nan
29.875,nan
29.9166666667,nan
29.9583333333,nan
30.0,nan
30.0416666667,nan
30.0833333333,nan
30.125,nan
30.1666666667,nan
30.2083333333,nan
30.25,nan
30.2916666667,nan
30.3333333333,nan
30.375,nan
30.4166666667,nan
30.4583333333,nan
30.5,nan
30.5416666667,10.0
30.5833333333,25.0
30.625,35.0
30.6666666667,20.0
30.7083333333,8.0
30.75,2.0
30.7916666667,1.0
30.8333333333,nan
30.875,nan
30.9166666667,3.0
30.9583333333,12.0
31.0,21.0
31.0416666667,27.0
31.0833333333,24.0
31.125,25.0
31.1666666667,21.0
31.2083333333,20.0
31.25,27.0
31.2916666667,17.0
31.3333333333,26.0
31.375,37.0
31.4166666667,47.0
31.4583333333,68.0
31.5,39.0
31.5416666667,45.0
31.5833333333,42.0
31.625,31.0
31.6666666667,16.0
31.7083333333,30.0
31.75,7.0
31.7916666667,6.0
31.8333333333,2.0
31.875,2.0
31.9166666667,5.0
31.9583333333,7.0
32.0,15.0
32.0416666667,4.0
