0.0,4.0
0.0416666666667,6.0
0.0833333333333,10.0
0.125,14.0
0.166666666667,9.0
0.208333333333,10.0
0.25,12.0
0.291666666667,13.0
0.333333333333,19.0
0.375,20.0
0.416666666667,19.0
0.458333333333,22.0
0.5,27.0
0.541666666667,23.0
0.583333333333,23.0
0.625,21.0
0.666666666667,9.0
0.708333333333,8.0
0.75,5.0
0.791666666667,nan
0.833333333333,nan
0.875,1.0
0.916666666667,6.0
0.958333333333,6.0
1.0,7.0
1.04166666667,4.0
1.08333333333,12.0
1.125,12.0
1.16666666667,19.0
1.20833333333,19.0
1.25,24.0
1.29166666667,25.0
1.33333333333,15.0
1.375,27.0
1.41666666667,17.0
1.45833333333,20.0
1.5,32.0
1.54166666667,16.0
1.58333333333,22.0
1.625,15.0
1.66666666667,8.0
1.70833333333,10.0
1.75,2.0
1.79166666667,3.0
1.83333333333,3.0
1.875,1.0
1.91666666667,3.0
1.95833333333,5.0
2.0,5.0
2.04166666667,9.0
2.08333333333,13.0
2.125,13.0
2.16666666667,8.0
2.20833333333,13.0
2.25,17.0
2.29166666667,14.0
2.33333333333,21.0
2.375,20.0
2.41666666667,28.0
2.45833333333,19.0
2.5,22.0
2.54166666667,11.0
2.58333333333,9.0
2.625,7.0
2.66666666667,7.0
2.70833333333,6.0
2.75,4.0
2.79166666667,3.0
2.83333333333,3.0
2.875,nan
2.91666666667,1.0
2.95833333333,3.0
3.0,nan
3.04166666667,7.0
3.08333333333,5.0
3.125,9.0
3.16666666667,9.0
3.20833333333,21.0
3.25,8.0
3.29166666667,12.0
3.33333333333,12.0
3.375,20.0
3.41666666667,18.0
3.45833333333,28.0
3.5,22.0
3.54166666667,26.0
3.58333333333,23.0
3.625,28.0
3.66666666667,19.0
3.70833333333,15.0
3.75,4.0
3.79166666667,3.0
3.83333333333,2.0
3.875,nan
3.91666666667,3.0
3.95833333333,1.0
4.0,3.0
4.04166666667,10.0
4.08333333333,14.0
4.125,16.0
4.16666666667,24.0
4.20833333333,27.0
4.25,19.0
4.29166666667,23.0
4.33333333333,25.0
4.375,29.0
4.41666666667,20.0
4.45833333333,22.0
4.5,17.0
4.54166666667,26.0
4.58333333333,27.0
4.625,34.0
4.66666666667,23.0
4.70833333333,13.0
4.75,6.0
4.79166666667,5.0
4.83333333333,3.0
4.875,nan
4.91666666667,2.0
4.95833333333,3.0
5.0,3.0
5.04166666667,4.0
5.08333333333,13.0
5.125,10.0
5.16666666667,12.0
5.20833333333,16.0
5.25,14.0
5.29166666667,17.0
5.33333333333,23.0
5.375,26.0
5.41666666667,30.0
5.45833333333,18.0
5.5,27.0
5.54166666667,13.0
5.58333333333,21.0
5.625,7.0
5.66666666667,7.0
5.70833333333,2.0
5.75,1.0
5.79166666667,1.0
5.83333333333,2.0
5.875,nan
5.91666666667,1.0
5.95833333333,5.0
6.0,4.0
6.04166666667,13.0
6.08333333333,6.0
6.125,18.0
6.16666666667,16.0
6.20833333333,15.0
6.25,14.0
6.29166666667,11.0
6.33333333333,17.0
6.375,21.0
6.41666666667,32.0
6.45833333333,26.0
6.5,32.0
6.54166666667,30.0
6.58333333333,26.0
6.625,19.0
6.66666666667,10.0
6.70833333333,7.0
6.75,1.0
6.79166666667,1.0
6.83333333333,nan
6.875,2.0
6.91666666667,5.0
6.95833333333,2.0
7.0,3.0
7.04166666667,9.0
7.08333333333,5.0
7.125,9.0
7.16666666667,18.0
7.20833333333,14.0
7.25,18.0
7.29166666667,4.0
7.33333333333,11.0
7.375,18.0
7.41666666667,22.0
7.45833333333,24.0
7.5,21.0
7.54166666667,27.0
7.58333333333,25.0
7.625,9.0
7.66666666667,7.0
7.70833333333,9.0
7.75,4.0
7.79166666667,1.0
7.83333333333,nan
7.875,3.0
7.91666666667,5.0
7.95833333333,5.0
8.0,10.0
8.04166666667,4.0
8.08333333333,6.0
8.125,7.0
8.16666666667,5.0
8.20833333333,18.0
8.25,6.0
8.29166666667,13.0
8.33333333333,20.0
8.375,14.0
8.41666666667,32.0
8.45833333333,32.0
8.5,36.0
8.54166666667,21.0
8.58333333333,18.0
8.625,22.0
8.66666666667,7.0
8.70833333333,1.0
8.75,2.0
8.79166666667,1.0
8.83333333333,2.0
8.875,nan
8.91666666667,6.0
8.95833333333,8.0
9.0,9.0
9.04166666667,4.0
9.08333333333,10.0
9.125,10.0
9.16666666667,15.0
9.20833333333,10.0
9.25,13.0
9.29166666667,9.0
9.33333333333,14.0
9.375,22.0
9.41666666667,35.0
9.45833333333,30.0
9.5,24.0
9.54166666667,23.0
9.58333333333,32.0
9.625,28.0
9.66666666667,12.0
9.70833333333,4.0
9.75,5.0
9.79166666667,2.0
9.83333333333,nan
9.875,3.0
9.91666666667,2.0
9.95833333333,7.0
10.0,9.0
10.0416666667,11.0
10.0833333333,6.0
10.125,8.0
10.1666666667,14.0
10.2083333333,12.0
10.25,9.0
10.2916666667,26.0
10.3333333333,13.0
10.375,22.0
