0.0,39.0
0.0416666666667,77.0
0.0833333333333,79.0
0.125,71.0
0.166666666667,82.0
0.208333333333,78.0
0.25,89.0
0.291666666667,109.0
0.333333333333,92.0
0.375,105.0
0.416666666667,104.0
0.458333333333,86.0
0.5,85.0
0.541666666667,90.0
0.583333333333,69.0
0.625,35.0
0.666666666667,23.0
0.708333333333,13.0
0.75,5.0
0.791666666667,6.0
0.833333333333,10.0
0.875,23.0
0.916666666667,33.0
0.958333333333,61.0
1.0,69.0
1.04166666667,61.0
1.08333333333,74.0
1.125,89.0
1.16666666667,95.0
1.20833333333,94.0
1.25,108.0
1.29166666667,110.0
1.33333333333,87.0
1.375,104.0
1.41666666667,131.0
1.45833333333,100.0
1.5,99.0
1.54166666667,95.0
1.58333333333,76.0
1.625,50.0
1.66666666667,26.0
1.70833333333,14.0
1.75,6.0
1.79166666667,11.0
1.83333333333,11.0
1.875,36.0
1.91666666667,66.0
1.95833333333,106.0
2.0,212.0
2.04166666667,322.0
2.08333333333,332.0
2.125,280.0
2.16666666667,190.0
2.20833333333,136.0
2.25,117.0
2.29166666667,112.0
2.33333333333,108.0
2.375,112.0
2.41666666667,125.0
2.45833333333,115.0
2.5,80.0
2.54166666667,79.0
2.58333333333,69.0
2.625,51.0
2.66666666667,31.0
2.70833333333,23.0
2.75,11.0
2.79166666667,8.0
2.83333333333,8.0
2.875,17.0
2.91666666667,23.0
2.95833333333,46.0
3.0,46.0
3.04166666667,47.0
3.08333333333,62.0
3.125,86.0
3.16666666667,91.0
3.20833333333,91.0
3.25,101.0
3.29166666667,104.0
3.33333333333,130.0
3.375,128.0
3.41666666667,116.0
3.45833333333,94.0
3.5,112.0
3.54166666667,99.0
3.58333333333,91.0
3.625,57.0
3.66666666667,32.0
3.70833333333,26.0
3.75,18.0
3.79166666667,3.0
3.83333333333,9.0
3.875,5.0
3.91666666667,11.0
3.95833333333,33.0
4.0,39.0
4.04166666667,45.0
4.08333333333,73.0
4.125,70.0
4.16666666667,109.0
4.20833333333,73.0
4.25,105.0
4.29166666667,104.0
4.33333333333,127.0
4.375,112.0
4.41666666667,113.0
4.45833333333,104.0
4.5,95.0
4.54166666667,87.0
4.58333333333,84.0
4.625,67.0
4.66666666667,24.0
4.70833333333,17.0
4.75,15.0
4.79166666667,13.0
4.83333333333,5.0
4.875,7.0
4.91666666667,9.0
4.95833333333,30.0
5.0,27.0
5.04166666667,45.0
5.08333333333,49.0
5.125,52.0
5.16666666667,73.0
5.20833333333,79.0
5.25,58.0
5.29166666667,71.0
5.33333333333,78.0
5.375,107.0
5.41666666667,68.0
5.45833333333,80.0
5.5,73.0
5.54166666667,61.0
5.58333333333,56.0
5.625,25.0
5.66666666667,14.0
5.70833333333,4.0
5.75,4.0
5.79166666667,8.0
5.83333333333,1.0
5.875,10.0
5.91666666667,18.0
5.95833333333,29.0
6.0,43.0
6.04166666667,41.0
6.08333333333,42.0
6.125,44.0
6.16666666667,48.0
6.20833333333,54.0
6.25,63.0
6.29166666667,73.0
6.33333333333,85.0
6.375,85.0
6.41666666667,96.0
6.45833333333,72.0
6.5,56.0
6.54166666667,66.0
6.58333333333,40.0
6.625,30.0
6.66666666667,23.0
6.70833333333,12.0
6.75,nan
6.79166666667,6.0
6.83333333333,1.0
6.875,5.0
6.91666666667,20.0
6.95833333333,32.0
7.0,33.0
7.04166666667,53.0
7.08333333333,55.0
7.125,47.0
7.16666666667,66.0
7.20833333333,67.0
7.25,54.0
7.29166666667,69.0
7.33333333333,62.0
7.375,78.0
7.41666666667,80.0
7.45833333333,79.0
7.5,89.0
7.54166666667,77.0
7.58333333333,55.0
7.625,35.0
7.66666666667,13.0
7.70833333333,11.0
7.75,9.0
7.79166666667,5.0
7.83333333333,4.0
7.875,7.0
7.91666666667,25.0
7.95833333333,27.0
8.0,40.0
8.04166666667,45.0
8.08333333333,43.0
8.125,80.0
8.16666666667,75.0
8.20833333333,92.0
8.25,119.0
8.29166666667,130.0
8.33333333333,194.0
8.375,230.0
8.41666666667,319.0
8.45833333333,313.0
8.5,313.0
8.54166666667,290.0
8.58333333333,211.0
8.625,84.0
8.66666666667,61.0
8.70833333333,16.0
8.75,9.0
8.79166666667,10.0
8.83333333333,11.0
8.875,23.0
8.91666666667,39.0
8.95833333333,46.0
9.0,80.0
9.04166666667,85.0
9.08333333333,89.0
9.125,86.0
9.16666666667,109.0
9.20833333333,117.0
9.25,86.0
9.29166666667,145.0
9.33333333333,175.0
9.375,194.0
9.41666666667,173.0
9.45833333333,155.0
9.5,196.0
9.54166666667,176.0
9.58333333333,143.0
9.625,105.0
9.66666666667,49.0
9.70833333333,12.0
9.75,14.0
9.79166666667,6.0
9.83333333333,7.0
9.875,19.0
9.91666666667,33.0
9.95833333333,59.0
10.0,73.0
10.0416666667,76.0
10.0833333333,87.0
10.125,88.0
10.1666666667,79.0
10.2083333333,116.0
10.25,122.0
10.2916666667,159.0
10.3333333333,171.0
10.375,176.0
10.4166666667,195.0
10.4583333333,172.0
10.5,199.0
10.5416666667,180.0
10.5833333333,158.0
10.625,96.0
10.6666666667,60.0
10.7083333333,31.0
10.75,20.0
10.7916666667,7.0
10.8333333333,4.0
10.875,13.0
10.9166666667,15.0
10.9583333333,35.0
11.0,46.0
11.0416666667,72.0
11.0833333333,90.0
11.125,97.0
11.1666666667,131.0
11.2083333333,168.0
11.25,162.0
11.2916666667,205.0
11.3333333333,283.0
11.375,271.0
11.4166666667,285.0
11.4583333333,281.0
11.5,256.0
11.5416666667,266.0
11.5833333333,215.0
11.625,146.0
11.6666666667,78.0
11.7083333333,42.0
11.75,29.0
11.7916666667,12.0
11.8333333333,6.0
11.875,18.0
11.9166666667,27.0
11.9583333333,39.0
12.0,70.0
12.0416666667,81.0
12.0833333333,98.0
12.125,103.0
12.1666666667,122.0
12.2083333333,138.0
12.25,138.0
12.2916666667,190.0
12.3333333333,214.0
12.375,222.0
12.4166666667,214.0
12.4583333333,206.0
12.5,157.0
12.5416666667,141.0
12.5833333333,98.0
12.625,61.0
12.6666666667,34.0
12.7083333333,21.0
12.75,12.0
12.7916666667,6.0
12.8333333333,7.0
12.875,14.0
12.9166666667,30.0
12.9583333333,38.0
13.0,72.0
13.0416666667,76.0
13.0833333333,62.0
13.125,64.0
13.1666666667,94.0
13.2083333333,84.0
13.25,117.0
13.2916666667,133.0
13.3333333333,127.0
13.375,170.0
