0.0,1.0
0.0416666666667,nan
0.0833333333333,nan
0.125,nan
0.166666666667,nan
0.208333333333,nan
0.25,nan
0.291666666667,nan
0.333333333333,nan
0.375,nan
0.416666666667,nan
0.458333333333,nan
0.5,nan
0.541666666667,nan
0.583333333333,nan
0.625,nan
0.666666666667,nan
0.708333333333,nan
0.75,nan
0.791666666667,nan
0.833333333333,nan
0.875,nan
0.916666666667,nan
0.958333333333,nan
1.0,nan
1.04166666667,nan
1.08333333333,nan
1.125,nan
1.16666666667,nan
1.20833333333,nan
1.25,nan
1.29166666667,nan
1.33333333333,nan
1.375,nan
1.41666666667,nan
1.45833333333,nan
1.5,nan
1.54166666667,nan
1.58333333333,nan
1.625,nan
1.66666666667,nan
1.70833333333,nan
1.75,nan
1.79166666667,nan
1.83333333333,nan
1.875,nan
1.91666666667,nan
1.95833333333,nan
2.0,nan
2.04166666667,nan
2.08333333333,nan
2.125,nan
2.16666666667,nan
2.20833333333,nan
2.25,nan
2.29166666667,nan
2.33333333333,nan
2.375,nan
2.41666666667,nan
2.45833333333,nan
2.5,nan
2.54166666667,nan
2.58333333333,nan
2.625,nan
2.66666666667,nan
2.70833333333,nan
2.75,nan
2.79166666667,nan
2.83333333333,nan
2.875,nan
2.91666666667,nan
2.95833333333,nan
3.0,nan
3.04166666667,nan
3.08333333333,nan
3.125,nan
3.16666666667,nan
3.20833333333,nan
3.25,nan
3.29166666667,nan
3.33333333333,nan
3.375,nan
3.41666666667,nan
3.45833333333,nan
3.5,nan
3.54166666667,nan
3.58333333333,21.0
3.625,30.0
3.66666666667,41.0
3.70833333333,47.0
3.75,44.0
3.79166666667,41.0
3.83333333333,54.0
3.875,60.0
3.91666666667,70.0
3.95833333333,79.0
4.0,95.0
4.04166666667,113.0
4.08333333333,126.0
4.125,139.0
4.16666666667,185.0
4.20833333333,101.0
4.25,53.0
4.29166666667,39.0
4.33333333333,15.0
4.375,5.0
4.41666666667,3.0
4.45833333333,6.0
4.5,19.0
4.54166666667,23.0
4.58333333333,26.0
4.625,31.0
4.66666666667,44.0
4.70833333333,38.0
4.75,55.0
4.79166666667,72.0
4.83333333333,71.0
4.875,74.0
4.91666666667,50.0
4.95833333333,77.0
5.0,72.0
5.04166666667,64.0
5.08333333333,103.0
5.125,85.0
5.16666666667,81.0
5.20833333333,65.0
5.25,45.0
5.29166666667,36.0
5.33333333333,18.0
5.375,16.0
5.41666666667,8.0
5.45833333333,5.0
5.5,8.0
5.54166666667,12.0
5.58333333333,18.0
5.625,30.0
5.66666666667,52.0
5.70833333333,51.0
5.75,53.0
5.79166666667,52.0
5.83333333333,57.0
5.875,60.0
5.91666666667,62.0
5.95833333333,76.0
6.0,78.0
6.04166666667,81.0
6.08333333333,55.0
6.125,41.0
6.16666666667,32.0
6.20833333333,33.0
6.25,23.0
6.29166666667,43.0
6.33333333333,16.0
6.375,13.0
6.41666666667,8.0
6.45833333333,8.0
6.5,7.0
6.54166666667,12.0
6.58333333333,12.0
6.625,27.0
6.66666666667,23.0
6.70833333333,42.0
6.75,47.0
6.79166666667,61.0
6.83333333333,57.0
6.875,71.0
6.91666666667,53.0
6.95833333333,95.0
7.0,76.0
7.04166666667,91.0
7.08333333333,71.0
7.125,102.0
7.16666666667,85.0
7.20833333333,90.0
7.25,81.0
7.29166666667,44.0
7.33333333333,20.0
7.375,19.0
7.41666666667,16.0
7.45833333333,5.0
7.5,7.0
7.54166666667,7.0
7.58333333333,24.0
7.625,31.0
7.66666666667,49.0
7.70833333333,52.0
7.75,81.0
7.79166666667,78.0
7.83333333333,79.0
7.875,83.0
7.91666666667,85.0
7.95833333333,108.0
8.0,102.0
8.04166666667,97.0
8.08333333333,94.0
8.125,115.0
8.16666666667,110.0
8.20833333333,101.0
8.25,59.0
8.29166666667,39.0
8.33333333333,20.0
8.375,21.0
8.41666666667,5.0
8.45833333333,2.0
8.5,7.0
8.54166666667,11.0
8.58333333333,16.0
8.625,31.0
8.66666666667,50.0
8.70833333333,43.0
8.75,63.0
8.79166666667,71.0
8.83333333333,69.0
8.875,72.0
8.91666666667,89.0
8.95833333333,75.0
9.0,98.0
9.04166666667,78.0
9.08333333333,87.0
9.125,57.0
9.16666666667,65.0
9.20833333333,39.0
9.25,22.0
9.29166666667,14.0
9.33333333333,7.0
9.375,3.0
9.41666666667,3.0
9.45833333333,4.0
9.5,11.0
9.54166666667,21.0
9.58333333333,21.0
9.625,30.0
9.66666666667,19.0
9.70833333333,41.0
9.75,41.0
9.79166666667,54.0
9.83333333333,54.0
9.875,35.0
9.91666666667,56.0
9.95833333333,73.0
10.0,75.0
10.0416666667,67.0
10.0833333333,82.0
10.125,80.0
10.1666666667,64.0
10.2083333333,51.0
10.25,32.0
10.2916666667,18.0
10.3333333333,9.0
10.375,6.0
10.4166666667,2.0
10.4583333333,3.0
10.5,11.0
10.5416666667,12.0
10.5833333333,17.0
10.625,24.0
10.6666666667,25.0
10.7083333333,33.0
10.75,44.0
10.7916666667,45.0
10.8333333333,48.0
10.875,31.0
10.9166666667,51.0
10.9583333333,68.0
11.0,75.0
11.0416666667,82.0
11.0833333333,75.0
11.125,87.0
11.1666666667,91.0
11.2083333333,44.0
11.25,30.0
11.2916666667,25.0
11.3333333333,8.0
11.375,5.0
11.4166666667,1.0
11.4583333333,8.0
11.5,12.0
11.5416666667,21.0
11.5833333333,23.0
11.625,21.0
11.6666666667,23.0
11.7083333333,30.0
11.75,38.0
11.7916666667,54.0
11.8333333333,45.0
11.875,47.0
11.9166666667,67.0
11.9583333333,54.0
12.0,82.0
12.0416666667,99.0
12.0833333333,86.0
12.125,87.0
12.1666666667,91.0
12.2083333333,61.0
12.25,29.0
12.2916666667,12.0
12.3333333333,9.0
12.375,3.0
12.4166666667,3.0
12.4583333333,4.0
12.5,15.0
12.5416666667,24.0
12.5833333333,26.0
12.625,27.0
12.6666666667,40.0
12.7083333333,43.0
12.75,51.0
12.7916666667,59.0
12.8333333333,38.0
12.875,48.0
12.9166666667,50.0
12.9583333333,81.0
13.0,78.0
13.0416666667,110.0
13.0833333333,182.0
13.125,133.0
13.1666666667,91.0
13.2083333333,74.0
13.25,42.0
13.2916666667,26.0
13.3333333333,14.0
13.375,11.0
13.4166666667,1.0
13.4583333333,9.0
13.5,14.0
13.5416666667,31.0
13.5833333333,29.0
13.625,41.0
13.6666666667,32.0
13.7083333333,39.0
13.75,49.0
13.7916666667,61.0
13.8333333333,49.0
13.875,76.0
13.9166666667,59.0
13.9583333333,95.0
