0.0,38.0
0.0416666666667,37.0
0.0833333333333,42.0
0.125,30.0
0.166666666667,27.0
0.208333333333,19.0
0.25,19.0
0.291666666667,6.0
0.333333333333,2.0
0.375,2.0
0.416666666667,1.0
0.458333333333,4.0
0.5,21.0
0.541666666667,31.0
0.583333333333,18.0
0.625,29.0
0.666666666667,49.0
0.708333333333,20.0
0.75,34.0
0.791666666667,36.0
0.833333333333,44.0
0.875,37.0
0.916666666667,58.0
0.958333333333,40.0
1.0,46.0
1.04166666667,30.0
1.08333333333,37.0
1.125,39.0
1.16666666667,25.0
1.20833333333,36.0
1.25,15.0
1.29166666667,8.0
1.33333333333,7.0
1.375,4.0
1.41666666667,5.0
1.45833333333,23.0
1.5,28.0
1.54166666667,13.0
1.58333333333,28.0
1.625,26.0
1.66666666667,33.0
1.70833333333,49.0
1.75,32.0
1.79166666667,25.0
1.83333333333,34.0
1.875,31.0
1.91666666667,36.0
1.95833333333,36.0
2.0,29.0
2.04166666667,32.0
2.08333333333,24.0
2.125,29.0
2.16666666667,28.0
2.20833333333,16.0
2.25,8.0
2.29166666667,7.0
2.33333333333,6.0
2.375,8.0
2.41666666667,4.0
2.45833333333,6.0
2.5,10.0
2.54166666667,18.0
2.58333333333,10.0
2.625,15.0
2.66666666667,18.0
2.70833333333,17.0
2.75,25.0
2.79166666667,29.0
2.83333333333,29.0
2.875,43.0
2.91666666667,27.0
2.95833333333,30.0
3.0,42.0
3.04166666667,31.0
3.08333333333,34.0
3.125,45.0
3.16666666667,29.0
3.20833333333,20.0
3.25,15.0
3.29166666667,7.0
3.33333333333,7.0
3.375,7.0
3.41666666667,3.0
3.45833333333,2.0
3.5,9.0
3.54166666667,13.0
3.58333333333,24.0
3.625,12.0
3.66666666667,24.0
3.70833333333,24.0
3.75,34.0
3.79166666667,40.0
3.83333333333,44.0
3.875,39.0
3.91666666667,31.0
3.95833333333,52.0
4.0,33.0
4.04166666667,35.0
4.08333333333,23.0
4.125,37.0
4.16666666667,29.0
4.20833333333,29.0
4.25,23.0
4.29166666667,21.0
4.33333333333,7.0
4.375,5.0
4.41666666667,11.0
4.45833333333,9.0
4.5,8.0
4.54166666667,15.0
4.58333333333,12.0
4.625,29.0
4.66666666667,37.0
4.70833333333,49.0
4.75,50.0
4.79166666667,51.0
4.83333333333,58.0
4.875,68.0
4.91666666667,53.0
4.95833333333,79.0
5.0,50.0
5.04166666667,45.0
5.08333333333,27.0
5.125,28.0
5.16666666667,24.0
5.20833333333,22.0
5.25,7.0
5.29166666667,11.0
5.33333333333,3.0
5.375,2.0
5.41666666667,nan
5.45833333333,7.0
5.5,11.0
5.54166666667,16.0
5.58333333333,22.0
5.625,22.0
5.66666666667,22.0
5.70833333333,23.0
5.75,20.0
5.79166666667,33.0
5.83333333333,33.0
5.875,35.0
5.91666666667,32.0
5.95833333333,36.0
6.0,36.0
6.04166666667,25.0
6.08333333333,28.0
6.125,27.0
6.16666666667,25.0
6.20833333333,16.0
6.25,7.0
6.29166666667,8.0
6.33333333333,4.0
6.375,3.0
6.41666666667,2.0
6.45833333333,6.0
6.5,7.0
6.54166666667,21.0
6.58333333333,24.0
6.625,27.0
6.66666666667,29.0
6.70833333333,26.0
6.75,37.0
6.79166666667,32.0
6.83333333333,37.0
6.875,39.0
6.91666666667,27.0
6.95833333333,40.0
7.0,35.0
7.04166666667,35.0
7.08333333333,26.0
7.125,33.0
7.16666666667,29.0
7.20833333333,10.0
7.25,10.0
7.29166666667,5.0
7.33333333333,4.0
7.375,3.0
7.41666666667,1.0
7.45833333333,2.0
7.5,12.0
7.54166666667,17.0
7.58333333333,21.0
7.625,21.0
7.66666666667,18.0
7.70833333333,35.0
7.75,33.0
7.79166666667,34.0
7.83333333333,34.0
7.875,32.0
7.91666666667,34.0
7.95833333333,47.0
8.0,47.0
8.04166666667,52.0
8.08333333333,29.0
8.125,32.0
8.16666666667,39.0
8.20833333333,23.0
8.25,6.0
8.29166666667,5.0
8.33333333333,4.0
8.375,4.0
8.41666666667,3.0
8.45833333333,8.0
8.5,13.0
8.54166666667,22.0
8.58333333333,26.0
8.625,26.0
8.66666666667,22.0
8.70833333333,39.0
8.75,39.0
8.79166666667,43.0
8.83333333333,44.0
8.875,46.0
8.91666666667,57.0
8.95833333333,60.0
9.0,57.0
9.04166666667,53.0
9.08333333333,60.0
9.125,73.0
9.16666666667,49.0
9.20833333333,38.0
9.25,18.0
9.29166666667,11.0
9.33333333333,8.0
9.375,4.0
9.41666666667,5.0
9.45833333333,5.0
9.5,13.0
9.54166666667,26.0
9.58333333333,30.0
9.625,31.0
9.66666666667,31.0
9.70833333333,49.0
9.75,37.0
9.79166666667,35.0
9.83333333333,35.0
9.875,40.0
9.91666666667,51.0
9.95833333333,46.0
10.0,65.0
10.0416666667,52.0
10.0833333333,53.0
10.125,47.0
10.1666666667,41.0
10.2083333333,33.0
10.25,29.0
10.2916666667,24.0
10.3333333333,13.0
10.375,6.0
10.4166666667,3.0
10.4583333333,4.0
10.5,8.0
10.5416666667,14.0
10.5833333333,24.0
10.625,16.0
10.6666666667,31.0
10.7083333333,34.0
10.75,35.0
10.7916666667,33.0
10.8333333333,41.0
10.875,43.0
10.9166666667,41.0
10.9583333333,63.0
11.0,53.0
11.0416666667,65.0
11.0833333333,70.0
11.125,83.0
11.1666666667,89.0
11.2083333333,76.0
11.25,64.0
11.2916666667,45.0
11.3333333333,23.0
11.375,12.0
11.4166666667,9.0
11.4583333333,6.0
11.5,9.0
11.5416666667,10.0
11.5833333333,22.0
11.625,25.0
11.6666666667,45.0
11.7083333333,41.0
11.75,38.0
11.7916666667,55.0
11.8333333333,49.0
11.875,40.0
11.9166666667,40.0
11.9583333333,50.0
12.0,48.0
12.0416666667,44.0
12.0833333333,35.0
12.125,37.0
12.1666666667,39.0
12.2083333333,27.0
12.25,21.0
12.2916666667,3.0
12.3333333333,6.0
12.375,nan
12.4166666667,nan
12.4583333333,5.0
12.5,12.0
12.5416666667,19.0
12.5833333333,26.0
12.625,28.0
12.6666666667,29.0
12.7083333333,34.0
12.75,37.0
12.7916666667,37.0
12.8333333333,35.0
12.875,64.0
12.9166666667,72.0
12.9583333333,28.0
13.0,53.0
13.0416666667,55.0
13.0833333333,36.0
13.125,45.0
13.1666666667,42.0
13.2083333333,19.0
13.25,9.0
13.2916666667,5.0
13.3333333333,4.0
13.375,nan
13.4166666667,1.0
13.4583333333,3.0
13.5,9.0
13.5416666667,18.0
13.5833333333,24.0
13.625,nan
13.6666666667,nan
13.7083333333,nan
13.75,nan
13.7916666667,nan
13.8333333333,nan
13.875,nan
13.9166666667,nan
13.9583333333,1.0
