40.7435838 -73.9981039 40.756847 -73.9780882
40.756847 -73.9981039 40.7701102 -73.9780882
40.7170574 -73.9981039 40.7303206 -73.9780882
40.7303206 -73.9981039 40.7435838 -73.9780882
40.756847 -73.9780882 40.7701102 -73.9580725
40.7303206 -74.0181196 40.7435838 -73.9981039
40.7170574 -74.0181196 40.7303206 -73.9981039
40.7037942 -74.0181196 40.7170574 -73.9981039
40.7435838 -73.9780882 40.756847 -73.9580725
40.7701102 -73.9780882 40.7833734 -73.9580725
40.7037942 -73.9580725 40.7170574 -73.9380568
40.7435838 -74.0181196 40.756847 -73.9981039
40.7170574 -73.9580725 40.7303206 -73.9380568
40.7701102 -73.9580725 40.7833734 -73.9380568
40.7701102 -73.9981039 40.7833734 -73.9780882
40.7037942 -73.9780882 40.7170574 -73.9580725
40.7966366 -73.9580725 40.8098998 -73.9380568
40.7833734 -73.9780882 40.7966366 -73.9580725
40.7037942 -73.9981039 40.7170574 -73.9780882
40.7170574 -73.9780882 40.7303206 -73.9580725
40.7833734 -73.9580725 40.7966366 -73.9380568
40.7037942 -73.9380568 40.7170574 -73.9180411
40.7435838 -73.8980254 40.756847 -73.8780097
40.7966366 -73.9780882 40.8098998 -73.9580725
40.756847 -73.9380568 40.7701102 -73.9180411
40.7435838 -73.9580725 40.756847 -73.9380568
40.690531 -73.9981039 40.7037942 -73.9780882
40.690531 -73.9380568 40.7037942 -73.9180411
40.756847 -73.9180411 40.7701102 -73.8980254
40.7435838 -73.9380568 40.756847 -73.9180411
