40.7524259333 -73.991432 40.7612680667 -73.9780882
40.7170574 -74.0047758 40.7258995333 -73.991432
40.7435838 -73.991432 40.7524259333 -73.9780882
40.7258995333 -73.991432 40.7347416667 -73.9780882
40.7258995333 -74.0047758 40.7347416667 -73.991432
40.7347416667 -73.991432 40.7435838 -73.9780882
40.7612680667 -73.9780882 40.7701102 -73.9647444
40.7612680667 -73.991432 40.7701102 -73.9780882
40.7435838 -74.0047758 40.7524259333 -73.991432
40.7170574 -73.991432 40.7258995333 -73.9780882
40.7347416667 -74.0047758 40.7435838 -73.991432
40.7524259333 -73.9780882 40.7612680667 -73.9647444
40.7524259333 -74.0047758 40.7612680667 -73.991432
40.7347416667 -74.0181196 40.7435838 -74.0047758
40.7082152667 -73.9647444 40.7170574 -73.9514006
40.7082152667 -74.0181196 40.7170574 -74.0047758
40.7170574 -73.9647444 40.7258995333 -73.9514006
40.7701102 -73.9647444 40.7789523333 -73.9514006
40.7701102 -73.991432 40.7789523333 -73.9780882
40.7789523333 -73.9780882 40.7877944667 -73.9647444
40.7435838 -73.9780882 40.7524259333 -73.9647444
40.7082152667 -73.9514006 40.7170574 -73.9380568
40.6993731333 -74.0181196 40.7082152667 -74.0047758
40.7082152667 -74.0047758 40.7170574 -73.991432
40.7435838 -74.0181196 40.7524259333 -74.0047758
40.7612680667 -74.0047758 40.7701102 -73.991432
40.6993731333 -73.9380568 40.7082152667 -73.924713
40.7789523333 -73.9647444 40.7877944667 -73.9514006
40.7170574 -74.0181196 40.7258995333 -74.0047758
40.7612680667 -73.9647444 40.7701102 -73.9514006
40.7258995333 -74.0181196 40.7347416667 -74.0047758
40.7701102 -73.9780882 40.7789523333 -73.9647444
40.7877944667 -73.9780882 40.7966366 -73.9647444
40.7170574 -73.9514006 40.7258995333 -73.9380568
40.7612680667 -73.924713 40.7701102 -73.9113692
40.7877944667 -73.9514006 40.7966366 -73.9380568
40.6993731333 -73.924713 40.7082152667 -73.9113692
40.7789523333 -73.9514006 40.7877944667 -73.9380568
40.6993731333 -73.991432 40.7082152667 -73.9780882
40.7966366 -73.9647444 40.8054787333 -73.9514006
40.8054787333 -73.9514006 40.8143208667 -73.9380568
40.7966366 -73.9514006 40.8054787333 -73.9380568
40.7258995333 -73.9647444 40.7347416667 -73.9514006
40.6993731333 -73.9514006 40.7082152667 -73.9380568
40.7524259333 -73.924713 40.7612680667 -73.9113692
40.6993731333 -74.0047758 40.7082152667 -73.991432
40.7082152667 -73.9780882 40.7170574 -73.9647444
40.7082152667 -73.991432 40.7170574 -73.9780882
40.7789523333 -73.991432 40.7877944667 -73.9780882
40.7435838 -73.8980254 40.7524259333 -73.8846816
40.7701102 -73.9514006 40.7789523333 -73.9380568
40.6993731333 -73.9113692 40.7082152667 -73.8980254
40.7435838 -73.9514006 40.7524259333 -73.9380568
40.7966366 -73.9780882 40.8054787333 -73.9647444
40.8054787333 -73.9647444 40.8143208667 -73.9514006
40.7524259333 -73.9647444 40.7612680667 -73.9514006
40.7524259333 -73.8846816 40.7612680667 -73.8713378
40.7435838 -73.8846816 40.7524259333 -73.8713378
40.7347416667 -73.8846816 40.7435838 -73.8713378
40.7612680667 -73.9380568 40.7701102 -73.924713
40.7347416667 -74.0314634 40.7435838 -74.0181196
40.7701102 -73.924713 40.7789523333 -73.9113692
40.7524259333 -73.9380568 40.7612680667 -73.924713
40.7170574 -73.9780882 40.7258995333 -73.9647444
40.7347416667 -74.0448072 40.7435838 -74.0314634
40.7435838 -73.924713 40.7524259333 -73.9113692
40.7966366 -73.9380568 40.8054787333 -73.924713
40.8054787333 -73.924713 40.8143208667 -73.9113692
